/*--------------------------------*- C++ -*----------------------------------*\
| =========                 |                                                 |
| \\      /  F ield         | OpenFOAM: The Open Source CFD Toolbox           |
|  \\    /   O peration     | Version:  5.x                                   |
|   \\  /    A nd           | Web:      www.OpenFOAM.org                      |
|    \\/     M anipulation  |                                                 |
\*---------------------------------------------------------------------------*/
FoamFile
{
    version     2.0;
    format      ascii;
    class       volScalarField;
    location    "0";
    object      Cz;
}
// * * * * * * * * * * * * * * * * * * * * * * * * * * * * * * * * * * * * * //

dimensions      [0 1 0 0 0 0 0];

internalField   nonuniform List<scalar> 
12225
(
3.39265e-20
0
1.84045e-20
0
0
0
0
0
0
0
0
0
0
0
0
0
0
0
0
0
1.81929e-20
0
0
-2.97932e-20
0
0
1.21618e-20
0
-3.619e-20
0
0
0
0
0
0
0
0
0
0
0
5.22575e-20
0
0
-9.27559e-21
9.6616e-21
4.17606e-20
3.29533e-20
0
0
0
0
0
-2.82815e-20
0
-2.60402e-20
0
0
0
0
0
0
0
3.65458e-20
-2.88795e-20
4.90272e-20
0
1.03118e-20
3.37286e-20
0
0
-1.36443e-20
0
0
0
0
0
0
0
0
0
3.32759e-20
0
0
0
0
0
0
0
0
0
1.0394e-20
0
0
-2.49986e-20
0
0
-2.80554e-20
0
0
4.6512e-20
-1.71322e-20
0
0
-1.91654e-20
0
-3.02459e-20
0
0
0
-3.09545e-20
0
-3.34565e-20
0
0
0
-2.65796e-20
0
1.51079e-20
0
0
3.22497e-20
3.35291e-20
0
0
0
2.97779e-20
2.48835e-20
0
0
0
0
-3.10932e-20
7.70466e-21
2.40759e-20
0
0
0
0
0
-1.02496e-20
0
-2.37467e-20
3.62555e-20
0
0
0
-3.51708e-20
0
0
0
0
0
3.73355e-20
0
0
0
0
5.57301e-20
2.8962e-20
0
3.12948e-20
0
0
9.23536e-21
2.07452e-20
0
-3.28169e-20
0
0
0
0
0
-4.14952e-20
0
0
2.41021e-20
0
0
0
0
3.11555e-20
0
0
0
0
-9.31942e-21
0
0
0
-3.44168e-20
0
0
0
0
0
0
0
0
-5.36307e-20
0
0
0
0
0
2.49645e-20
0
0
3.91228e-20
-4.06883e-20
-3.21156e-20
0
1.10702e-20
0
1.20107e-20
0
0
0
0
0
0
0
0
3.004e-20
-3.12275e-20
0
0
0
0
0
2.04855e-20
0
0
0
1.11709e-20
0
0
0
0
0
-3.67311e-20
0
-1.42452e-20
0
0
3.02997e-20
0
0
0
0
0
0
0
-8.20916e-21
0
-4.75449e-20
0
0
0
0
0
0
0
0
0
0
-2.09213e-20
0
0
0
0
0
0
3.20465e-20
0
0
0
0
0
4.05112e-20
0
0
0
-3.59421e-20
0
0
0
0
0
0
0
0
0
0
0
1.69152e-20
0
0
0
0
0
3.10261e-20
0
0
0
-2.46723e-20
0
-3.65391e-20
0
5.32748e-20
0
0
-1.61321e-20
0
-1.73748e-20
1.65293e-20
0
0
0
-9.72873e-21
0
0
0
0
0
0
-2.93994e-20
1.6033e-20
0
-1.57615e-20
1.79232e-20
0
0
-3.86129e-20
0
0
-7.63985e-20
0
0
2.52017e-20
0
0
1.33895e-20
3.08114e-20
-1.71606e-20
-1.7812e-20
0
3.68891e-20
3.83616e-20
0
2.14994e-20
0
0
0
0
-1.22574e-20
-2.70409e-20
0
0
0
0
-3.44925e-20
0
0
0
0
0
0
0
0
0
-2.6868e-20
0
0
0
0
0
0
0
0
0
0
0
2.37959e-20
-4.94471e-20
-4.98737e-20
0
0
0
0
0
0
1.75919e-20
0
0
0
0
0
0
0
0
0
0
0
0
0
0
9.49441e-21
0
0
-1.95619e-20
0
0
0
0
-3.65391e-20
0
-6.77229e-20
4.19484e-20
0
-3.07583e-20
-4.87164e-20
3.32437e-20
0
0
0
2.95259e-20
0
1.01336e-20
0
0
2.44101e-20
0
0
0
2.32966e-20
0
0
0
0
0
2.93362e-20
0
-4.17657e-20
0
0
-5.98846e-20
0
0
0
0
0
0
5.19303e-20
0
0
5.82954e-20
0
3.14962e-20
0
0
-3.53985e-20
0
0
2.70409e-20
0
0
0
0
-3.44925e-20
0
-3.8112e-20
6.97385e-20
0
0
-1.07727e-20
0
1.1688e-20
0
0
0
1.52643e-20
0
0
3.26032e-20
0
0
-9.46784e-21
0
0
0
0
1.16088e-20
0
0
-4.08639e-20
0
0
1.63322e-20
0
-3.3678e-20
0
0
0
0
0
-3.47145e-20
-3.60965e-20
3.7536e-20
0
0
0
-2.27123e-20
1.62318e-20
0
0
0
2.75078e-20
3.76179e-20
-2.03133e-20
-4.06861e-20
-2.19112e-20
0
-2.46104e-20
0
-1.44481e-20
0
0
-1.61321e-20
0
0
0
-2.73317e-20
0
0
0
0
0
0
0
0
0
0
0
0
2.80534e-20
1.43041e-20
2.76585e-20
0
1.32583e-20
-2.70775e-20
-1.30669e-20
0
2.651e-20
0
0
-2.59556e-20
-1.25103e-20
3.80132e-20
5.00751e-20
0
3.72135e-20
0
0
0
6.05444e-20
0
3.56693e-20
-3.54189e-20
-1.14725e-20
3.4924e-20
-1.20619e-20
0
0
0
0
0
0
0
-1.14322e-20
2.19593e-20
-2.10554e-20
0
3.18892e-20
-1.03051e-20
-2.12172e-20
0
0
-1.00163e-20
0
0
0
-3.9699e-20
0
9.59981e-21
9.53229e-21
9.4653e-21
0
-9.33289e-21
-2.85555e-20
-9.20255e-21
2.81676e-20
0
0
0
0
0
0
0
4.47106e-20
0
0
2.61402e-20
1.75607e-20
-3.41358e-20
0
0
-3.34495e-20
0
0
-1.67663e-20
3.25595e-20
0
0
1.63318e-20
-7.73605e-21
0
-1.52617e-20
-3.10686e-20
0
0
-6.83349e-20
-3.02534e-20
0
0
0
0
3.63996e-20
0
-2.18544e-20
0
0
-5.66521e-20
0
2.79588e-20
0
-1.34221e-20
2.7419e-20
0
0
0
-1.37363e-20
1.28974e-20
-1.28124e-20
-2.62094e-20
0
-5.17525e-20
0
-1.23976e-20
0
3.74624e-20
2.50668e-20
-1.20777e-20
0
0
0
0
-1.24458e-20
0
-1.22961e-20
1.14688e-20
-4.63352e-20
-2.33989e-20
0
-1.19325e-20
1.11082e-20
3.38669e-20
0
3.34502e-20
0
0
0
0
0
0
1.04307e-20
1.0366e-20
-1.03019e-20
1.02384e-20
0
0
0
-3.07219e-20
0
0
-2.03702e-20
-3.97495e-20
0
0
-2.94756e-20
0
-2.91333e-20
0
-3.81447e-20
0
9.23764e-21
5.66068e-20
2.81418e-20
3.70577e-20
0
0
0
-3.62224e-20
3.60182e-20
-3.58159e-20
0
0
0
0
0
-3.46405e-20
0
0
-2.92075e-20
2.90061e-20
1.36502e-20
0
2.84114e-20
0
-4.12809e-20
-5.41549e-20
0
2.74506e-20
1.43845e-20
0
1.41989e-20
-1.41073e-20
0
0
0
0
0
0
-2.54644e-20
0
-1.18076e-20
1.17229e-20
0
0
0
0
1.28148e-20
0
0
0
-3.44729e-20
0
0
2.30173e-20
0
-2.27122e-20
0
0
0
0
4.24342e-20
0
1.00876e-20
1.00163e-20
-2.13971e-20
0
0
0
0
0
9.53229e-21
0
-9.39883e-21
-9.33289e-21
2.93085e-20
0
0
0
-2.85387e-20
3.7298e-20
0
0
0
2.761e-20
0
3.73357e-20
-2.70702e-20
0
1.83136e-20
0
3.46581e-20
0
0
-1.77417e-20
0
-1.60131e-20
1.74093e-20
-3.30943e-20
0
1.55786e-20
1.69782e-20
0
-3.20295e-20
1.66638e-20
0
2.39345e-20
0
0
-3.08065e-20
0
0
-3.02167e-20
0
0
2.26073e-20
0
2.0819e-20
-1.37864e-20
-4.25888e-20
0
0
-4.17726e-20
0
1.47506e-20
-2.78193e-20
0
0
0
5.42619e-20
0
0
0
0
0
1.23166e-20
1.37426e-20
-6.37961e-20
1.20777e-20
0
0
-1.18447e-20
0
0
0
-2.45917e-20
0
0
1.13227e-20
1.12506e-20
-7.00872e-20
-1.11082e-20
6.92396e-20
0
1.08989e-20
0
0
-6.71818e-20
0
0
2.24981e-20
-2.23677e-20
-1.0366e-20
2.21102e-20
-4.24598e-20
0
2.17321e-20
7.3369e-20
0
-6.25842e-20
0
3.09314e-20
0
4.02671e-20
0
-9.57405e-21
3.00566e-20
-3.93462e-20
0
0
0
0
0
-2.88947e-20
0
1.95527e-20
0
3.71813e-20
2.81081e-20
3.67712e-20
-3.65689e-20
0
0
4.60961e-20
0
0
-1.69434e-20
0
0
-2.92075e-20
0
0
4.21591e-20
4.33701e-20
1.33551e-20
0
-4.09926e-20
0
-2.74506e-20
1.43845e-20
0
0
0
0
0
0
0
3.79664e-20
0
1.19792e-20
0
6.20502e-20
3.66746e-20
2.47835e-20
0
0
2.42866e-20
2.41236e-20
1.27339e-20
6.98977e-20
-2.3642e-20
-1.0989e-20
-3.42378e-20
0
2.15112e-20
0
0
3.30891e-20
3.28648e-20
3.26421e-20
-1.03051e-20
-3.22021e-20
3.19847e-20
-3.1769e-20
-1.00163e-20
3.13426e-20
0
-3.09228e-20
-3.07154e-20
4.01775e-20
3.03055e-20
0
0
0
-9.33289e-21
0
2.91137e-20
9.13815e-21
0
3.75495e-20
2.835e-20
0
0
0
0
0
0
2.70702e-20
2.68931e-20
-1.68075e-20
-2.65431e-20
-2.63701e-20
3.44294e-20
-3.42024e-20
-3.39773e-20
0
-1.75192e-20
1.74093e-20
1.73002e-20
0
0
-1.69782e-20
0
-3.20295e-20
-4.84854e-20
0
0
1.63569e-20
-5.46375e-20
4.69629e-20
0
0
-3.02167e-20
0
-2.98314e-20
0
0
-2.23251e-20
-5.81579e-20
0
-4.23145e-20
0
0
-4.15048e-20
0
0
0
1.29831e-20
4.01983e-20
1.28124e-20
-2.69623e-20
-5.20839e-20
-3.91906e-20
0
0
0
0
1.21567e-20
1.3584e-20
0
0
0
0
3.65836e-20
1.16173e-20
0
1.14688e-20
-1.13955e-20
-2.41518e-20
0
-2.38645e-20
0
0
-1.09681e-20
4.5102e-20
-3.39973e-20
2.30309e-20
-4.42858e-20
-1.0628e-20
0
0
0
0
-1.03019e-20
1.02384e-20
0
-2.17321e-20
0
0
0
3.1111e-20
0
-9.749e-21
9.69018e-21
-3.0402e-20
0
-3.00566e-20
2.98862e-20
2.97173e-20
-3.88977e-20
0
0
-2.90563e-20
0
0
-1.95527e-20
-1.94478e-20
3.86878e-20
2.81081e-20
0
-3.65689e-20
4.65904e-20
1.88382e-20
-8.61662e-21
0
5.2624e-20
3.53934e-20
5.06965e-20
2.94104e-20
0
0
0
0
0
1.48611e-20
0
0
0
2.74506e-20
-1.28785e-20
0
-2.68919e-20
0
0
3.87661e-20
0
0
-2.5813e-20
0
0
0
0
0
4.9567e-20
-2.46166e-20
7.18468e-20
3.56769e-20
0
-1.12279e-20
0
0
0
-1.09106e-20
1.08328e-20
0
-1.21851e-20
-2.27122e-20
0
0
3.26421e-20
0
-3.22021e-20
3.19847e-20
0
-3.15549e-20
0
1.13813e-20
0
0
0
0
9.53229e-21
0
0
-3.88376e-20
2.0041e-20
2.91137e-20
0
0
-3.75495e-20
0
0
0
1.90306e-20
-8.70131e-21
1.87878e-20
0
0
2.68931e-20
0
0
3.46581e-20
1.79677e-20
0
0
0
-2.55257e-20
3.33124e-20
0
0
-1.70847e-20
0
7.21613e-20
0
0
7.52728e-21
3.88868e-20
0
0
0
0
-7.2264e-21
-3.02167e-20
1.57647e-20
0
0
-3.64386e-20
0
0
0
-1.5109e-20
0
-1.49283e-20
0
6.92342e-20
0
2.76451e-20
0
0
0
0
2.6795e-20
-2.66291e-20
-3.89438e-20
-6.50003e-20
1.23166e-20
0
-1.21567e-20
2.56617e-20
0
0
0
0
-2.48912e-20
0
0
0
0
0
1.12506e-20
-3.50436e-20
0
0
3.44106e-20
3.42031e-20
5.71643e-20
0
-6.71818e-20
-1.0628e-20
0
3.2994e-20
0
0
1.18083e-20
0
1.01753e-20
2.17321e-20
3.16591e-20
0
0
0
0
0
-2.08868e-20
0
0
0
0
2.03137e-20
-3.88977e-20
2.93839e-20
9.23764e-21
0
0
0
1.95527e-20
0
3.71813e-20
0
-3.67712e-20
0
-1.7431e-20
-8.66582e-21
2.73564e-20
0
3.55848e-20
-3.53934e-20
-4.29164e-20
-2.94104e-20
2.92075e-20
0
0
4.36651e-20
2.84114e-20
1.48611e-20
0
0
-1.30669e-20
0
0
0
-2.68919e-20
-1.41073e-20
0
0
0
-2.59893e-20
-6.37794e-20
-3.921e-20
0
1.18931e-20
3.69289e-20
-1.17229e-20
3.64222e-20
0
0
3.56769e-20
1.28148e-20
0
0
0
-1.0989e-20
-3.42378e-20
-2.31716e-20
-3.37729e-20
0
-2.12061e-20
-2.10554e-20
3.28648e-20
0
0
-2.19701e-20
0
2.16813e-20
0
0
0
0
0
0
-3.03055e-20
0
0
-9.39883e-21
-9.33289e-21
0
-1.84051e-20
0
0
0
-1.9402e-20
0
0
0
-2.761e-20
-1.87878e-20
0
-2.70702e-20
0
1.83136e-20
8.34566e-21
0
0
1.63482e-20
0
0
0
3.33124e-20
-1.73002e-20
0
1.70847e-20
0
0
0
-4.84854e-20
-3.16153e-20
0
3.8633e-20
-3.10063e-20
0
-1.45511e-20
-7.2264e-21
-3.02167e-20
0
0
0
2.94521e-20
-2.0819e-20
4.28653e-20
0
0
1.50183e-20
0
0
0
2.78193e-20
0
0
0
3.99433e-20
0
0
-3.91906e-20
0
0
1.23166e-20
0
-2.58197e-20
1.20777e-20
7.5009e-20
0
6.22358e-20
-3.6811e-20
0
0
-1.3049e-20
0
-2.42972e-20
0
-3.52582e-20
1.11791e-20
-1.11082e-20
0
1.09681e-20
2.33042e-20
0
-3.37932e-20
0
0
0
2.24981e-20
0
1.0366e-20
0
0
-1.01753e-20
0
3.16591e-20
3.14748e-20
2.13635e-20
2.12428e-20
3.09314e-20
-4.05024e-20
0
2.07701e-20
-3.02286e-20
-3.00566e-20
0
-2.97173e-20
0
0
0
2.90563e-20
-3.80241e-20
0
0
8.97067e-21
3.86878e-20
0
-1.91388e-20
3.65689e-20
-1.89375e-20
-3.61698e-20
0
0
0
1.845e-20
0
0
-2.92075e-20
-2.90061e-20
2.88063e-20
4.21591e-20
2.84114e-20
0
0
0
0
0
6.74043e-20
0
0
0
0
0
0
0
3.79664e-20
-2.5638e-20
1.19792e-20
0
3.69289e-20
1.17229e-20
0
-4.92331e-20
1.14725e-20
2.42866e-20
1.28148e-20
0
0
1.1068e-20
-1.2495e-20
0
0
2.30173e-20
0
0
0
0
3.26421e-20
0
0
3.19847e-20
-1.00876e-20
0
0
2.12566e-20
0
-3.07154e-20
4.01775e-20
0
9.53229e-21
0
0
0
-4.78434e-20
0
0
-1.96546e-20
1.95278e-20
-1.9402e-20
0
0
1.75245e-20
0
0
-1.71617e-20
0
2.68931e-20
-1.83136e-20
-4.32344e-20
0
0
0
0
0
0
0
0
-2.5035e-20
1.70847e-20
0
0
-1.52617e-20
1.66638e-20
0
0
0
0
-2.34814e-20
0
0
-2.30391e-20
-1.57647e-20
0
-2.26073e-20
0
-1.38793e-20
-1.52926e-20
-2.88946e-20
1.5109e-20
0
0
1.33329e-20
-2.79949e-20
0
2.76451e-20
0
0
1.28124e-20
0
-1.41506e-20
3.91906e-20
0
1.23976e-20
0
0
-6.37961e-20
-3.77395e-20
0
0
0
0
1.16924e-20
0
7.22689e-20
-1.29751e-20
0
-2.41518e-20
1.12506e-20
1.11791e-20
-1.11082e-20
6.92396e-20
0
3.42031e-20
0
0
-3.35909e-20
1.0628e-20
0
1.04959e-20
0
0
0
-3.22215e-20
1.01753e-20
1.01129e-20
1.00509e-20
-3.14748e-20
3.12921e-20
2.12428e-20
-3.09314e-20
-3.07534e-20
9.69018e-21
0
-3.02286e-20
9.51674e-21
-3.93462e-20
0
-3.88977e-20
0
9.23764e-21
0
0
0
3.75989e-20
0
0
2.81081e-20
0
1.90377e-20
-1.89375e-20
3.61698e-20
0
3.5778e-20
0
0
-2.88619e-20
-2.24343e-20
0
0
0
-2.86081e-20
0
2.82162e-20
0
0
-1.30669e-20
0
0
0
-2.68919e-20
5.34171e-20
0
-2.63461e-20
7.6995e-20
0
3.79664e-20
0
1.19792e-20
0
0
1.32289e-20
4.9567e-20
-2.46166e-20
0
7.13538e-20
-1.13088e-20
0
0
0
0
0
0
3.37729e-20
-1.21851e-20
0
-2.10554e-20
-2.24119e-20
0
0
0
0
-4.18566e-20
0
-2.13971e-20
0
0
-4.04519e-20
-9.66787e-21
0
-9.53229e-21
0
0
0
0
2.91137e-20
9.13815e-21
0
0
0
0
0
1.75245e-20
2.761e-20
-1.87878e-20
0
0
3.53554e-20
0
8.34566e-21
-1.80821e-20
0
0
2.58595e-20
0
0
0
0
2.5035e-20
-2.4874e-20
3.24503e-20
-7.21613e-20
0
-3.18215e-20
-3.16153e-20
0
0
0
-2.34814e-20
0
0
0
3.71525e-20
0
0
0
2.0819e-20
0
0
2.87118e-20
0
0
0
4.12393e-20
2.78193e-20
0
0
-4.01983e-20
1.28124e-20
0
0
-3.91906e-20
7.78876e-20
-6.50003e-20
-5.2279e-20
1.37426e-20
3.79764e-20
1.20777e-20
0
0
3.70402e-20
1.17682e-20
1.16924e-20
0
1.3049e-20
-1.29751e-20
1.13955e-20
-2.41518e-20
0
-2.38645e-20
0
0
2.34425e-20
0
0
-1.07623e-20
3.35909e-20
0
0
0
0
0
3.24121e-20
0
-3.20324e-20
3.18449e-20
0
2.14853e-20
-2.13635e-20
2.12428e-20
0
0
1.11966e-20
0
-3.02286e-20
3.95734e-20
-9.45993e-21
-2.97173e-20
-2.95499e-20
2.93839e-20
9.23764e-21
3.82396e-20
0
0
0
0
0
2.81081e-20
2.7955e-20
0
-1.89375e-20
0
-8.61662e-21
1.86423e-20
1.70391e-20
5.38434e-20
-4.29164e-20
0
0
0
0
0
1.34527e-20
0
0
2.63244e-20
0
-2.74506e-20
0
-5.26473e-20
0
0
0
2.48401e-20
0
0
0
0
0
1.18931e-20
2.51213e-20
0
3.64222e-20
-1.15553e-20
-2.44509e-20
0
1.28148e-20
-1.12279e-20
0
-2.3642e-20
-1.0989e-20
6.84755e-20
-3.40044e-20
0
0
0
3.30891e-20
0
0
2.21162e-20
0
0
0
3.15549e-20
0
0
-2.11173e-20
0
3.05097e-20
0
0
0
0
0
0
0
0
0
-3.75495e-20
0
0
3.68007e-20
1.02683e-20
-1.89087e-20
0
3.58296e-20
0
0
0
3.48887e-20
8.28801e-21
-1.79677e-20
0
0
0
0
3.33124e-20
3.30943e-20
0
1.70847e-20
3.24503e-20
0
3.20295e-20
0
-3.16153e-20
-3.14107e-20
0
0
0
0
3.04118e-20
0
3.00233e-20
0
-4.37084e-20
0
-1.38793e-20
0
0
0
4.20425e-20
1.49283e-20
0
6.92342e-20
0
5.52902e-20
2.74723e-20
-6.74992e-20
5.42619e-20
0
2.6795e-20
-2.66291e-20
2.64646e-20
0
0
0
0
2.56617e-20
0
-2.53497e-20
3.70402e-20
-1.17682e-20
0
0
0
0
0
0
-3.52582e-20
-2.38645e-20
0
0
1.09681e-20
0
1.23366e-20
0
-6.71818e-20
-1.0628e-20
0
0
-3.27984e-20
0
1.18083e-20
2.19831e-20
0
-2.17321e-20
0
0
2.13635e-20
-3.1111e-20
3.09314e-20
0
-9.69018e-21
0
-9.57405e-21
0
0
2.97173e-20
0
0
0
0
0
9.07603e-21
1.95527e-20
-1.94478e-20
0
2.81081e-20
-1.91388e-20
-1.75312e-20
-3.63684e-20
0
-1.87398e-20
-1.86423e-20
0
3.53934e-20
0
0
0
-2.90061e-20
0
0
0
-1.48611e-20
0
0
0
-1.44783e-20
1.28785e-20
0
3.95848e-20
0
0
0
-2.6167e-20
0
0
0
0
1.18931e-20
0
0
4.8061e-20
0
0
3.56769e-20
0
0
0
0
-3.44729e-20
0
0
0
0
-6.66305e-20
0
0
0
0
-2.19701e-20
0
-1.00876e-20
-3.15549e-20
3.13426e-20
-9.87528e-21
3.09228e-20
3.07154e-20
0
0
-3.96352e-20
0
0
-3.88376e-20
-2.93085e-20
-2.91137e-20
0
-9.07425e-21
2.85387e-20
3.7298e-20
0
3.68007e-20
3.65551e-20
1.89087e-20
-1.87878e-20
-4.59166e-20
2.70702e-20
-1.84308e-20
0
0
-2.63701e-20
0
-3.42024e-20
0
0
0
3.33124e-20
0
-4.07209e-20
0
-3.24503e-20
0
0
0
0
0
0
-7.37503e-21
-3.08065e-20
3.78839e-20
5.20909e-20
0
0
0
0
0
1.38793e-20
0
0
-2.87118e-20
-4.20425e-20
0
0
-5.59898e-20
0
1.45757e-20
0
-1.28974e-20
2.71309e-20
-2.69623e-20
-2.6795e-20
-3.91906e-20
7.78876e-20
2.47951e-20
0
0
-3.79764e-20
1.20777e-20
7.5009e-20
7.45428e-20
0
-1.17682e-20
0
-7.27162e-20
-1.3049e-20
-2.44439e-20
0
0
-3.52582e-20
1.11791e-20
1.11082e-20
2.3582e-20
1.09681e-20
4.5102e-20
0
-4.45556e-20
6.71818e-20
4.40182e-20
-3.31913e-20
0
-3.27984e-20
0
-1.03019e-20
0
0
0
7.3369e-20
-9.98947e-21
0
0
5.20545e-20
9.749e-21
-9.69018e-21
4.00339e-20
0
3.00566e-20
-2.98862e-20
0
0
2.00914e-20
0
2.90563e-20
-3.80241e-20
-9.07603e-21
0
-2.84185e-20
0
2.81081e-20
0
0
-1.89375e-20
-3.61698e-20
2.73564e-20
0
0
3.53934e-20
0
-2.94104e-20
0
-1.52561e-20
2.88063e-20
-1.5057e-20
0
0
-1.47643e-20
0
0
0
0
-3.9862e-20
-1.26929e-20
1.41073e-20
-5.30532e-20
0
0
0
-6.37794e-20
0
0
0
0
0
3.64222e-20
-2.46166e-20
1.14725e-20
1.13903e-20
0
1.12279e-20
0
-1.2574e-20
-3.44729e-20
0
-3.40044e-20
0
0
0
0
0
0
0
-6.44043e-20
0
3.1769e-20
0
-9.94551e-21
2.12566e-20
0
-4.04519e-20
0
0
3.01029e-20
0
-9.39883e-21
3.88376e-20
0
0
0
2.87288e-20
0
0
0
1.91534e-20
0
-1.89087e-20
1.87878e-20
8.58087e-21
0
1.69247e-20
1.83136e-20
2.5037e-20
0
0
-3.42024e-20
2.58595e-20
0
-6.70646e-20
0
3.30943e-20
0
-4.04526e-20
2.47143e-20
0
0
2.42427e-20
-7.07578e-20
3.88868e-20
0
-3.10063e-20
0
0
-2.31854e-20
0
-3.00233e-20
1.56688e-20
0
0
2.23251e-20
-1.52926e-20
0
1.5109e-20
0
0
-6.96768e-20
-1.47506e-20
0
0
0
0
3.99433e-20
0
0
0
0
7.73979e-20
-2.61395e-20
0
3.79764e-20
0
1.19994e-20
0
-1.18447e-20
0
0
0
0
0
0
1.13227e-20
1.12506e-20
0
0
0
4.53787e-20
0
0
1.07623e-20
0
-1.0628e-20
-2.26297e-20
-3.2994e-20
-1.04307e-20
0
-1.03019e-20
0
-3.20324e-20
0
1.15573e-20
0
-2.13635e-20
3.1111e-20
-2.11231e-20
3.07534e-20
0
-9.63186e-21
0
0
0
0
-9.34781e-21
0
9.23764e-21
0
0
0
0
0
0
8.8672e-21
1.91388e-20
-3.65689e-20
0
1.88382e-20
0
-1.86423e-20
0
1.69434e-20
4.29164e-20
0
0
0
-4.24565e-20
0
4.18641e-20
-2.82162e-20
0
0
0
-2.74506e-20
0
0
0
-3.93098e-20
1.40163e-20
0
-4.00035e-20
0
0
0
-1.19792e-20
1.18931e-20
3.69289e-20
1.17229e-20
3.64222e-20
-1.15553e-20
2.44509e-20
3.56769e-20
2.41236e-20
-1.12279e-20
0
0
2.3484e-20
0
2.31716e-20
0
-3.35432e-20
0
2.25614e-20
0
-3.26421e-20
3.24213e-20
-3.22021e-20
0
-4.18566e-20
-1.00163e-20
0
2.12566e-20
9.8056e-21
2.0979e-20
0
0
0
5.98039e-20
0
0
-2.93085e-20
-2.91137e-20
-1.97824e-20
2.87288e-20
2.85387e-20
0
0
0
-1.90306e-20
0
0
0
0
2.68931e-20
3.51212e-20
-3.48887e-20
0
1.79677e-20
-1.78543e-20
-3.39773e-20
-3.37539e-20
2.55257e-20
0
0
1.7192e-20
0
1.69782e-20
0
0
-3.18215e-20
-3.16153e-20
0
0
0
3.08065e-20
-3.93901e-20
-3.04118e-20
2.30391e-20
-3.00233e-20
-2.98314e-20
0
-2.94521e-20
-1.53855e-20
0
-2.88946e-20
-1.5109e-20
-2.85304e-20
-1.49283e-20
-1.48391e-20
2.79949e-20
1.31565e-20
-2.76451e-20
0
0
0
0
2.6795e-20
0
5.29292e-20
1.23976e-20
-5.2279e-20
-1.22363e-20
0
0
-2.55051e-20
2.53497e-20
-1.18447e-20
0
-1.31987e-20
1.16173e-20
0
0
-1.13955e-20
1.13227e-20
4.65088e-20
0
0
0
0
-1.08989e-20
0
2.30309e-20
6.71818e-20
1.0628e-20
0
0
0
4.29705e-20
1.03019e-20
-3.22215e-20
0
1.01129e-20
3.16591e-20
0
0
9.8682e-21
0
0
0
-9.63186e-21
-2.06545e-20
0
0
2.97173e-20
0
0
0
0
0
0
0
0
3.86878e-20
0
0
0
0
-1.88382e-20
-2.73564e-20
0
0
3.53934e-20
0
0
0
-5.80123e-20
0
4.21591e-20
-5.68228e-20
0
0
0
-2.76398e-20
0
-1.28785e-20
3.9862e-20
0
0
0
0
0
1.37476e-20
3.79664e-20
0
-2.54644e-20
0
2.51213e-20
0
0
0
1.14725e-20
-5.99635e-20
-3.54323e-20
-2.39618e-20
0
1.1068e-20
2.3484e-20
-2.33272e-20
5.7176e-20
2.30173e-20
-2.28641e-20
0
-3.30891e-20
0
0
0
-3.22021e-20
0
0
-3.15549e-20
2.13971e-20
0
0
-3.07154e-20
3.05097e-20
0
0
0
-9.39883e-21
-1.86658e-20
-2.93085e-20
-2.91137e-20
9.13815e-21
-2.87288e-20
0
0
0
1.91534e-20
1.75245e-20
0
1.87878e-20
-1.71617e-20
0
2.68931e-20
5.34348e-20
0
-1.80821e-20
0
-5.20567e-20
0
0
0
-3.33124e-20
0
1.56859e-20
0
0
0
0
-3.18215e-20
3.16153e-20
0
0
0
-3.08065e-20
0
0
0
-3.00233e-20
0
-2.9641e-20
-2.94521e-20
-2.23251e-20
1.37864e-20
0
-1.5109e-20
0
0
1.33329e-20
1.32444e-20
0
-2.76451e-20
0
0
3.99433e-20
2.69623e-20
0
2.66291e-20
7.78876e-20
0
-1.38229e-20
1.22363e-20
0
0
0
0
0
0
0
0
-2.45917e-20
0
1.13955e-20
-2.41518e-20
-5.92657e-20
-2.38645e-20
-2.37227e-20
0
3.44106e-20
4.5102e-20
-3.39973e-20
1.07623e-20
2.2896e-20
-1.0628e-20
-3.31913e-20
0
0
0
3.24121e-20
2.19831e-20
-2.1857e-20
0
-1.00509e-20
-2.14853e-20
9.92858e-21
0
-3.09314e-20
3.07534e-20
0
9.63186e-21
3.98026e-20
0
-2.98862e-20
0
0
9.29248e-21
0
0
2.88947e-20
-3.78106e-20
3.75989e-20
0
3.71813e-20
-1.92409e-20
-4.70938e-20
-2.78033e-20
-8.71548e-21
0
0
-7.30625e-20
0
0
0
0
0
4.27562e-20
-1.36502e-20
4.21591e-20
0
0
-2.80226e-20
-2.78304e-20
0
-2.74506e-20
0
0
-1.41989e-20
1.26013e-20
0
-2.63461e-20
-4.00035e-20
0
-2.5813e-20
0
0
0
3.69289e-20
2.49517e-20
2.47835e-20
1.15553e-20
4.89019e-20
-5.99635e-20
0
0
0
0
0
-3.42378e-20
-2.31716e-20
1.07556e-20
0
0
4.36168e-20
0
0
0
0
1.01596e-20
0
-4.15712e-20
-2.13971e-20
2.12566e-20
0
9.73646e-21
0
0
-3.96352e-20
-5.03386e-20
-3.91014e-20
9.33289e-21
0
0
5.7841e-20
2.87288e-20
0
0
0
-2.79771e-20
1.75245e-20
0
0
1.86678e-20
1.85488e-20
3.53554e-20
0
-3.48887e-20
-4.29462e-20
1.79677e-20
-1.78543e-20
-1.77417e-20
0
-3.35323e-20
0
1.73002e-20
1.56859e-20
-3.26633e-20
1.69782e-20
0
-1.67678e-20
0
0
-3.88868e-20
-2.37823e-20
0
0
0
-3.76382e-20
-3.02167e-20
-2.2894e-20
7.0813e-21
3.66747e-20
0
-2.23251e-20
0
0
1.5109e-20
0
-1.49283e-20
-1.48391e-20
2.79949e-20
0
4.07146e-20
0
0
-2.71309e-20
0
3.94395e-20
2.66291e-20
2.64646e-20
-3.8699e-20
0
0
-3.79764e-20
2.56617e-20
0
-3.72714e-20
0
0
1.16924e-20
0
-2.30854e-20
1.14688e-20
0
1.13227e-20
4.65088e-20
0
0
1.10378e-20
3.44106e-20
3.42031e-20
3.39973e-20
-3.37932e-20
-1.22012e-20
-1.0628e-20
3.31913e-20
1.04959e-20
-3.27984e-20
0
0
3.22215e-20
3.20324e-20
1.01129e-20
0
-5.29601e-20
0
2.12428e-20
0
-2.10044e-20
-3.05769e-20
-3.0402e-20
-3.02286e-20
-1.10232e-20
0
2.97173e-20
2.95499e-20
9.29248e-21
9.23764e-21
2.90563e-20
0
0
0
2.84185e-20
3.71813e-20
2.81081e-20
-3.67712e-20
-1.90377e-20
0
0
2.73564e-20
5.44203e-20
3.55848e-20
0
0
2.94104e-20
1.38507e-20
-2.90061e-20
0
0
-5.68228e-20
0
0
-1.31622e-20
-4.07067e-20
0
0
0
0
1.26013e-20
0
5.26922e-20
1.38365e-20
-1.37476e-20
0
5.1276e-20
0
0
0
-3.66746e-20
1.16387e-20
1.15553e-20
0
-1.28963e-20
0
2.39618e-20
-2.38013e-20
1.1068e-20
0
-5.75649e-20
-2.31716e-20
2.30173e-20
0
0
0
0
-1.03787e-20
2.21162e-20
0
0
3.1769e-20
0
-9.94551e-21
0
0
0
0
0
-3.01029e-20
0
-2.97026e-20
0
-3.85759e-20
-2.91137e-20
9.13815e-21
2.87288e-20
0
-3.7298e-20
-2.81628e-20
0
0
2.761e-20
0
1.86678e-20
0
0
5.34348e-20
8.34566e-21
0
1.79677e-20
-1.78543e-20
0
0
0
0
0
0
0
-1.54721e-20
3.2239e-20
3.20295e-20
-3.18215e-20
0
3.14107e-20
1.48508e-20
-2.36313e-20
-3.08065e-20
7.27555e-21
0
0
-3.00233e-20
-2.98314e-20
0
0
2.23251e-20
0
-2.88946e-20
0
0
0
0
-6.92342e-20
-1.31565e-20
0
-1.44893e-20
0
3.99433e-20
0
0
0
-3.89438e-20
-1.39038e-20
-6.45956e-20
0
2.58197e-20
2.56617e-20
0
0
-1.18447e-20
3.6811e-20
0
0
0
0
0
0
1.12506e-20
0
0
-6.92396e-20
1.09681e-20
0
2.3167e-20
0
-5.6487e-20
-1.0628e-20
0
0
1.04307e-20
0
-3.24121e-20
0
-2.1857e-20
3.18449e-20
-2.16082e-20
0
9.92858e-21
-9.8682e-21
0
-3.07534e-20
-9.69018e-21
3.0402e-20
3.98026e-20
0
0
0
0
0
0
-2.90563e-20
3.80241e-20
-6.65451e-20
3.75989e-20
8.97067e-21
0
2.81081e-20
0
0
0
0
-2.73564e-20
0
3.55848e-20
-1.69434e-20
0
1.39522e-20
-1.38507e-20
-2.90061e-20
-4.24565e-20
0
0
1.33551e-20
-2.80226e-20
-1.31622e-20
-2.76398e-20
0
-1.28785e-20
-3.9862e-20
3.95848e-20
-1.41073e-20
0
-3.87661e-20
0
0
-3.79664e-20
0
1.34852e-20
3.71853e-20
0
1.17229e-20
3.64222e-20
1.15553e-20
0
0
1.28148e-20
-5.91514e-20
0
-2.3642e-20
-2.3484e-20
0
-3.40044e-20
0
0
0
0
3.28648e-20
0
2.21162e-20
3.22021e-20
0
1.00876e-20
-3.15549e-20
-3.13426e-20
0
-9.8056e-21
-2.0979e-20
6.10193e-20
0
0
0
2.97026e-20
2.01718e-20
-2.93085e-20
1.99112e-20
0
0
0
-1.9402e-20
0
0
-1.90306e-20
0
-2.74287e-20
3.58296e-20
3.70977e-20
-2.68931e-20
6.18385e-20
-5.30861e-20
-3.46581e-20
0
0
0
0
-1.75192e-20
-7.95157e-21
0
0
0
0
-7.68323e-21
0
1.66638e-20
0
3.88868e-20
-7.42538e-21
-3.10063e-20
0
0
0
-2.30391e-20
-3.00233e-20
0
-2.9641e-20
0
0
0
0
0
0
0
6.96768e-20
0
2.78193e-20
0
-2.74723e-20
0
0
0
1.41506e-20
-5.32583e-20
0
-2.63014e-20
0
1.22363e-20
0
-3.77395e-20
1.19994e-20
0
0
-3.6811e-20
1.31987e-20
-7.27162e-20
1.3049e-20
-1.29751e-20
0
-3.54745e-20
0
-1.26854e-20
-3.48308e-20
0
0
-5.75072e-20
0
-3.37932e-20
-1.22012e-20
-2.27623e-20
0
0
3.27984e-20
-1.0366e-20
-1.03019e-20
0
-2.1857e-20
-3.18449e-20
0
9.98947e-21
9.92858e-21
0
9.80834e-21
0
0
0
-3.02286e-20
-3.00566e-20
-2.98862e-20
2.97173e-20
0
-2.93839e-20
0
0
0
0
0
0
0
0
-1.91388e-20
3.65689e-20
0
0
-2.73564e-20
2.72101e-20
0
3.53934e-20
-1.48074e-20
0
0
0
0
-2.86081e-20
0
-1.33551e-20
-1.32583e-20
-2.78304e-20
0
0
-1.28785e-20
-1.27853e-20
-5.22778e-20
1.41073e-20
0
-2.63461e-20
1.23305e-20
-1.37476e-20
3.79664e-20
1.2066e-20
0
-2.52922e-20
0
-1.17229e-20
2.47835e-20
0
0
-3.56769e-20
-3.54323e-20
0
0
-2.3642e-20
0
1.09106e-20
-4.48372e-20
-5.67902e-20
0
-2.27122e-20
2.25614e-20
0
0
-3.24213e-20
0
0
1.15937e-20
0
-3.13426e-20
-3.11319e-20
6.18457e-20
0
-9.66787e-21
0
-3.01029e-20
0
2.97026e-20
0
0
2.91137e-20
0
0
0
0
3.70484e-20
0
-1.90306e-20
3.63113e-20
0
-4.44105e-20
-1.70427e-20
0
0
-1.81974e-20
0
2.46924e-20
0
0
1.61239e-20
3.35323e-20
0
0
1.7192e-20
0
3.24503e-20
-4.91116e-20
-7.63083e-21
1.51577e-20
0
0
0
-1.62562e-20
0
-3.06083e-20
6.08235e-20
0
0
1.56688e-20
2.9641e-20
0
0
-2.9079e-20
-2.88946e-20
0
0
0
-1.48391e-20
-2.79949e-20
0
0
0
1.44036e-20
-3.99433e-20
0
0
0
0
0
5.2279e-20
-1.22363e-20
3.79764e-20
0
-2.39988e-20
-1.19217e-20
-2.51956e-20
-1.17682e-20
0
0
3.61344e-20
0
3.56927e-20
0
0
0
0
2.3582e-20
1.24744e-20
4.5102e-20
-3.39973e-20
3.37932e-20
0
2.27623e-20
3.31913e-20
-2.24981e-20
2.23677e-20
0
3.24121e-20
-3.22215e-20
-6.40648e-20
1.01129e-20
0
-9.98947e-21
3.12921e-20
0
0
9.749e-21
0
-4.00339e-20
-9.57405e-21
3.00566e-20
9.45993e-21
-2.03137e-20
0
-2.00914e-20
0
0
0
-2.87346e-20
1.95527e-20
0
3.86878e-20
2.81081e-20
1.76323e-20
-3.65689e-20
0
-8.66582e-21
0
0
-2.70652e-20
0
0
2.09283e-20
1.53567e-20
1.52561e-20
0
2.86081e-20
0
0
0
1.46682e-20
2.76398e-20
-2.74506e-20
0
-1.27853e-20
2.68919e-20
4.08158e-20
0
-5.26922e-20
0
3.82309e-20
5.01199e-20
0
6.29081e-20
6.24775e-20
-3.69289e-20
-4.99035e-20
6.12057e-20
1.15553e-20
0
-3.56769e-20
0
0
-3.49489e-20
-2.3642e-20
0
0
-4.48372e-20
6.75458e-20
3.35432e-20
0
-2.25614e-20
0
2.22634e-20
0
0
0
-4.18566e-20
1.00163e-20
0
-3.11319e-20
9.8056e-21
2.0979e-20
0
-3.03055e-20
-9.53229e-21
0
0
3.88376e-20
0
0
5.7841e-20
-3.78031e-20
0
1.9402e-20
0
-2.79771e-20
1.90306e-20
0
0
0
0
0
0
-1.66913e-20
3.46581e-20
-3.44294e-20
-3.42024e-20
0
1.763e-20
8.00654e-21
3.33124e-20
0
-2.35289e-20
2.33679e-20
0
-2.45558e-20
-1.67678e-20
7.57885e-21
0
-3.14107e-20
0
0
-1.46502e-20
0
0
3.02167e-20
-3.00233e-20
-2.27501e-20
-1.55736e-20
0
2.23251e-20
-4.28653e-20
0
0
-1.35121e-20
0
4.15048e-20
-6.92342e-20
0
0
0
4.01983e-20
2.71309e-20
0
-2.6795e-20
0
-5.29292e-20
2.63014e-20
-2.61395e-20
0
5.16394e-20
0
0
-2.53497e-20
0
-1.17682e-20
0
-1.31235e-20
2.45917e-20
0
0
0
2.40075e-20
0
0
-2.3582e-20
0
3.42031e-20
0
0
-1.06949e-20
-3.33903e-20
3.31913e-20
-3.2994e-20
-2.23677e-20
0
-5.45224e-20
0
0
3.18449e-20
1.00509e-20
0
0
2.12428e-20
2.11231e-20
0
0
0
9.57405e-21
0
1.89199e-20
0
-4.97519e-20
-9.29248e-21
-2.92194e-20
-4.89294e-20
0
0
-2.85758e-20
-1.94478e-20
-1.93439e-20
0
0
0
0
3.61698e-20
0
-1.86423e-20
0
0
0
2.94104e-20
0
2.90061e-20
1.50599e-21
-1.35511e-20
0
-1.33551e-20
0
0
0
2.74506e-20
0
0
0
2.67085e-20
0
3.87661e-20
0
-1.22416e-20
3.79664e-20
2.5638e-20
-2.54644e-20
3.71853e-20
0
0
0
-1.30613e-20
-1.14725e-20
0
-3.54323e-20
0
0
-1.1068e-20
0
0
0
1.07556e-20
-2.28641e-20
2.27122e-20
0
0
2.22634e-20
0
-1.0232e-20
-3.19847e-20
0
1.00163e-20
0
0
3.09228e-20
-1.94729e-20
0
-9.59981e-21
0
0
-2.03037e-20
-5.90095e-20
-2.0041e-20
0
9.13815e-21
0
1.95278e-20
0
3.70484e-20
2.79771e-20
-1.90306e-20
0
0
5.44974e-20
-1.85488e-20
0
3.51212e-20
0
0
2.46924e-20
0
1.77417e-20
3.37539e-20
-2.55257e-20
1.59031e-20
0
1.7192e-20
0
4.79224e-20
0
-1.67678e-20
2.42427e-20
3.16153e-20
-3.14107e-20
5.49899e-20
0
0
1.45511e-20
0
0
0
8.58747e-21
0
0
2.92648e-20
0
-2.88946e-20
0
1.50183e-20
0
-1.48391e-20
0
-4.09759e-20
2.76451e-20
2.74723e-20
1.28974e-20
0
-1.2728e-20
1.26444e-20
0
-2.64646e-20
0
5.07728e-20
-6.41942e-20
0
0
0
-4.91931e-20
-3.70402e-20
0
0
-1.16173e-20
0
3.59126e-20
-2.42972e-20
0
0
4.62227e-20
3.48308e-20
0
-4.53787e-20
0
0
0
0
1.21343e-20
0
0
-6.55968e-20
0
0
0
0
1.01129e-20
0
0
6.25842e-20
0
0
2.10044e-20
0
0
0
-2.05399e-20
-3.93462e-20
-2.03137e-20
-9.34781e-21
-9.29248e-21
9.23764e-21
0
2.88947e-20
-2.87346e-20
-3.75989e-20
-1.79413e-20
3.71813e-20
0
0
-3.65689e-20
0
0
0
2.72101e-20
5.2624e-20
0
-2.15251e-20
0
-3.2138e-20
6.37566e-20
-1.15439e-20
-3.1365e-20
0
0
0
2.07436e-20
-9.53715e-21
-9.45593e-21
2.96316e-20
0
0
-2.8918e-20
9.05947e-21
1.94697e-20
1.93161e-20
0
0
0
6.3241e-20
-2.70971e-20
-1.84202e-20
1.82751e-20
0
0
0
0
0
3.33512e-20
0
0
-1.70202e-20
3.2267e-20
-1.67535e-20
0
0
-4.60734e-20
1.47274e-20
0
-3.04523e-20
3.02014e-20
0
-2.26556e-20
-6.98882e-21
0
0
1.51218e-20
0
2.8266e-20
0
0
2.75722e-20
-1.44251e-20
0
-1.26949e-20
0
-3.8927e-20
0
0
1.2149e-20
0
-3.7316e-20
0
0
0
2.45513e-20
1.14215e-20
0
0
-1.11224e-20
-2.35542e-20
0
3.39975e-20
0
0
0
0
0
0
-3.20382e-20
0
0
0
2.11478e-20
0
0
0
0
2.96819e-20
0
0
0
0
3.74287e-20
-1.93067e-20
-2.79687e-20
3.64744e-20
0
0
4.40537e-20
3.52391e-20
0
0
-2.61313e-20
2.59103e-20
-1.76292e-20
3.34634e-20
2.52585e-20
4.0738e-20
0
1.69173e-20
2.44151e-20
0
0
-1.4864e-20
0
0
-7.23264e-21
-3.01747e-20
0
-3.66974e-20
0
0
0
-1.35743e-20
0
0
0
0
2.74462e-20
1.28528e-20
0
-2.67465e-20
-1.2506e-20
0
-3.83449e-20
0
1.20576e-20
3.88548e-20
2.51841e-20
4.99374e-20
-2.47552e-20
-3.60627e-20
0
-2.41261e-20
3.51274e-20
3.48212e-20
0
-2.3313e-20
0
0
0
0
0
-2.2147e-20
-3.21854e-20
0
0
-3.13535e-20
0
0
0
2.06878e-20
0
-2.03394e-20
0
-9.24599e-21
-1.98286e-20
0
-2.84912e-20
0
5.60025e-20
2.77597e-20
1.88487e-20
0
0
0
0
-3.51835e-20
-2.37616e-20
0
0
0
-1.07442e-20
3.3456e-20
0
0
0
0
-1.01912e-20
0
0
-5.26337e-20
-3.10168e-20
0
-9.66434e-21
-3.02425e-20
0
0
2.94868e-20
0
0
-9.0813e-21
0
-2.82676e-20
-3.68712e-20
1.75255e-20
-2.75597e-20
1.01128e-20
-1.70612e-20
-9.95991e-21
-3.50213e-20
-2.64177e-20
0
0
0
1.75266e-20
1.73829e-20
0
2.48956e-20
0
-3.21337e-20
-3.18578e-20
0
0
3.10436e-20
2.34589e-20
-2.32603e-20
3.02494e-20
0
0
0
0
-2.89689e-20
1.36069e-20
0
2.82258e-20
0
0
0
-4.01425e-20
0
3.94386e-20
0
0
1.22998e-20
-1.36922e-20
-2.5655e-20
5.08657e-20
-1.18536e-20
0
0
0
0
0
1.12119e-20
-2.22162e-20
6.90417e-20
0
-2.31091e-20
0
-2.27094e-20
0
0
0
-7.44977e-20
2.17395e-20
1.00226e-20
1.14341e-20
-3.10131e-20
9.7438e-21
-6.09253e-20
6.0382e-20
-9.47212e-21
0
0
0
-2.88672e-20
0
6.56564e-20
0
0
0
0
0
2.68648e-20
0
-8.29347e-21
-5.22983e-20
1.77782e-20
-2.56824e-20
0
-5.04475e-20
-4.99948e-20
0
1.68689e-20
0
-3.16473e-20
-3.13586e-20
0
0
3.05075e-20
0
0
0
0
0
0
0
0
-1.32907e-20
-1.46673e-20
-1.30347e-20
0
-4.13599e-20
0
-1.25362e-20
-2.6334e-20
2.60926e-20
1.36792e-20
1.35607e-20
0
-2.51484e-20
0
0
0
-2.42381e-20
0
2.22901e-20
0
-3.42881e-20
0
0
3.3332e-20
3.30192e-20
-1.19065e-20
0
-2.19002e-20
0
2.15001e-20
-9.89888e-21
-3.09086e-20
0
-3.03304e-20
0
0
0
-2.92061e-20
-2.89315e-20
-1.96081e-20
2.83901e-20
0
0
-1.88997e-20
0
-3.56058e-20
2.68261e-20
0
3.82167e-20
0
0
0
0
3.65928e-20
1.15902e-20
0
0
1.27838e-20
0
-3.473e-20
0
0
-1.2281e-20
0
4.53318e-20
2.24729e-20
0
0
0
0
0
0
0
-9.73979e-21
-3.0456e-20
3.97508e-20
0
0
-2.01038e-20
9.21331e-21
-9.12809e-21
0
0
0
-1.90938e-20
-8.71249e-21
0
-5.43169e-20
3.53907e-20
-3.50745e-20
0
3.44501e-20
1.63182e-20
-1.61654e-20
0
0
0
1.70719e-20
1.69254e-20
-2.44175e-20
0
7.49393e-21
0
-3.09167e-20
-3.94267e-20
0
0
0
7.01054e-21
0
0
0
4.19872e-20
0
0
1.46156e-20
1.29847e-20
-2.72253e-20
0
0
0
-6.48714e-20
0
-1.21345e-20
2.55396e-20
0
-2.50764e-20
-2.48479e-20
0
3.58424e-20
-1.28396e-20
0
0
-3.45236e-20
3.4201e-20
3.38813e-20
0
0
-2.24609e-20
-3.26301e-20
2.20511e-20
0
-3.17202e-20
4.13947e-20
0
4.06105e-20
0
0
2.04826e-20
-2.96889e-20
-2.94089e-20
0
0
0
-3.72498e-20
0
0
0
-4.59299e-20
0
3.51552e-20
-2.6489e-20
2.62376e-20
0
-1.76628e-20
0
-1.58331e-20
2.35094e-20
3.25335e-20
-1.5357e-20
5.62142e-20
2.40752e-20
-3.12926e-20
2.36183e-20
0
-3.9118e-20
-3.00964e-20
0
0
0
0
0
0
1.33008e-20
-1.31639e-20
-1.30282e-20
1.28938e-20
0
-2.67625e-20
0
0
0
3.7845e-20
3.74675e-20
-2.52306e-20
-2.49836e-20
0
1.14958e-20
2.42565e-20
3.52757e-20
0
0
0
0
2.28632e-20
0
0
0
0
-1.01284e-20
0
0
0
0
0
0
3.91075e-20
-9.30069e-21
-2.91099e-20
0
-1.95179e-20
-3.71465e-20
-1.91353e-20
0
0
0
-1.83921e-20
-1.42165e-20
0
4.115e-20
1.30921e-20
0
-2.72043e-20
0
0
-2.49862e-20
0
0
0
1.20316e-20
-1.34238e-20
-3.69248e-20
0
2.46757e-20
3.59331e-20
-1.28729e-20
0
0
0
-1.24485e-20
0
-2.29779e-20
-3.34078e-20
-3.3104e-20
-3.28027e-20
-3.2504e-20
0
0
0
1.9886e-20
2.12003e-20
0
4.01417e-20
0
0
-2.96525e-20
3.86723e-20
-9.2019e-21
-1.97307e-20
0
8.93683e-21
-1.92051e-20
-1.75278e-20
4.48978e-20
0
-1.85251e-20
0
0
0
0
-3.39101e-20
0
0
-3.29627e-20
0
-2.46348e-20
0
-3.17374e-20
0
1.63229e-20
0
-4.5079e-20
0
0
0
0
1.5319e-20
0
0
2.83099e-20
0
2.77733e-20
0
-2.72461e-20
0
-2.52232e-20
-3.89567e-20
6.63015e-20
0
-2.572e-20
3.74578e-20
0
0
0
0
1.28896e-20
-3.53086e-20
0
2.35801e-20
0
2.31279e-20
2.29048e-20
1.05894e-20
0
-2.22478e-20
0
-4.21345e-20
3.16605e-20
9.94727e-21
0
0
2.07834e-20
0
0
-2.95239e-20
0
3.80831e-20
-1.96016e-20
1.9411e-20
0
3.65652e-20
-1.88497e-20
-1.86661e-20
0
-3.51032e-20
0
0
0
-2.56477e-20
-4.13132e-20
0
-2.48816e-20
-7.70875e-21
3.2009e-20
-1.6593e-20
0
-2.36526e-20
-1.4606e-20
3.04013e-20
3.0089e-20
0
0
2.91698e-20
-4.25515e-20
0
0
1.32401e-20
0
0
-5.42526e-20
0
0
0
-1.22576e-20
2.575e-20
-2.54827e-20
6.22929e-20
3.66818e-20
2.3192e-20
0
-1.13404e-20
2.39337e-20
0
0
3.40375e-20
0
0
-1.0485e-20
0
1.02514e-20
-3.19138e-20
3.15722e-20
0
0
3.05678e-20
0
0
0
-2.92755e-20
0
3.7697e-20
2.83404e-20
0
0
0
0
0
3.01126e-20
0
-3.75037e-20
0
-2.26907e-20
0
0
0
0
0
0
0
2.76384e-20
2.73842e-20
0
0
-2.66344e-20
0
0
0
0
0
3.70353e-20
1.17268e-20
-2.47274e-20
0
-7.13078e-20
-1.12703e-20
0
3.4649e-20
0
-2.3164e-20
0
0
-4.35404e-20
0
0
0
0
2.14907e-20
2.12897e-20
0
-3.05871e-20
0
9.49915e-21
9.40301e-21
0
2.91449e-20
0
0
0
-1.91927e-20
-2.77655e-20
-1.8833e-20
0
0
0
-3.47607e-20
0
2.59357e-20
-8.05953e-21
-3.341e-20
0
0
0
3.21075e-20
0
3.14738e-20
0
1.61783e-20
3.05448e-20
-2.30568e-20
1.42173e-20
0
0
0
0
-1.49896e-20
-1.33422e-20
0
-1.45661e-20
-4.02728e-20
0
0
-1.40195e-20
3.86483e-20
0
-3.78585e-20
-1.3493e-20
0
-3.67015e-20
-1.16061e-20
-3.59482e-20
-2.27147e-20
0
0
1.0993e-20
0
0
0
0
-3.27301e-20
2.20945e-20
0
2.16467e-20
9.96062e-21
-4.09101e-20
0
3.04125e-20
0
9.42465e-21
-2.94664e-20
0
0
-1.80286e-20
-3.71614e-20
1.91348e-20
-2.76553e-20
-1.8744e-20
0
0
0
-1.79854e-20
1.78004e-20
0
-1.74358e-20
0
1.70785e-20
0
3.19518e-20
0
3.12652e-20
0
-3.78643e-20
-2.30719e-20
1.42142e-20
0
0
0
-4.37326e-20
-2.83418e-20
0
0
0
0
1.41672e-20
0
-3.86176e-20
3.96914e-20
0
0
0
0
-1.15315e-20
1.13966e-20
0
3.48974e-20
0
-1.08709e-20
0
0
-3.29772e-20
4.29721e-20
0
2.175e-20
3.15125e-20
0
-9.76623e-21
0
9.53479e-21
-5.95343e-20
0
2.90948e-20
1.96775e-20
0
0
0
0
0
0
-3.27643e-20
0
-3.28829e-20
3.25703e-20
1.68827e-20
3.95652e-20
3.16486e-20
0
0
-4.68788e-20
-4.64378e-20
-4.44956e-20
0
0
-2.93063e-20
0
-1.36206e-20
0
0
0
4.07304e-20
-2.73885e-20
2.71242e-20
-2.68622e-20
0
0
-2.60902e-20
-6.38412e-20
-3.7628e-20
1.34218e-20
0
1.1672e-20
0
1.14315e-20
0
3.50908e-20
2.36625e-20
1.09634e-20
-3.40518e-20
0
0
1.0512e-20
3.27101e-20
2.20898e-20
0
-1.00769e-20
0
0
0
0
0
2.98657e-20
0
-2.92652e-20
0
-1.96188e-20
2.83853e-20
0
0
2.75296e-20
3.58314e-20
0
0
0
0
0
3.36648e-20
0
0
3.26269e-20
-1.68961e-20
0
0
-5.51312e-20
1.62333e-20
-1.45668e-20
0
0
7.04541e-21
0
0
0
5.69185e-20
4.14875e-20
0
0
0
-3.97345e-20
0
0
-2.61443e-20
-1.36861e-20
0
0
0
1.16414e-20
0
-2.42633e-20
-3.52553e-20
0
0
-1.08706e-20
-3.37444e-20
0
-2.25092e-20
6.53009e-20
0
-2.17945e-20
0
0
0
0
0
6.9244e-20
0
0
2.89129e-20
0
0
0
8.71685e-21
0
2.70454e-20
0
0
0
-2.58635e-20
3.35994e-20
0
0
1.69882e-20
3.21041e-20
0
1.49377e-20
0
3.06707e-20
-6.06434e-20
-1.4236e-20
0
0
0
-1.50681e-20
1.49044e-20
-1.47426e-20
1.30781e-20
0
0
0
-1.24546e-20
0
2.581e-20
-1.35088e-20
-2.52196e-20
0
0
0
-3.53631e-20
3.49462e-20
0
2.32522e-20
-3.37229e-20
-1.06066e-20
4.34048e-20
-1.03451e-20
0
0
-1.14679e-20
-2.11829e-20
-3.06534e-20
3.02887e-20
0
-9.35579e-21
0
-3.79925e-20
-2.85258e-20
-3.70786e-20
-2.78481e-20
0
-2.71857e-20
0
0
0
1.85976e-20
3.53366e-20
-1.82456e-20
0
3.42948e-20
1.77294e-20
0
1.7393e-20
0
-1.55577e-20
0
-3.19717e-20
0
2.38773e-20
-3.10207e-20
-1.61072e-20
3.04011e-20
7.14767e-21
0
0
0
0
0
-2.83206e-20
0
0
0
0
0
0
0
2.61033e-20
1.21664e-20
-6.31839e-20
0
0
0
2.45465e-20
-3.5691e-20
0
-2.38008e-20
1.10261e-20
5.75362e-20
0
1.06673e-20
-3.31545e-20
0
2.21419e-20
0
2.16881e-20
9.97992e-21
9.86919e-21
-9.75954e-21
0
-3.01349e-20
2.98154e-20
-2.01676e-20
-4.76399e-20
2.88756e-20
-1.95471e-20
2.82642e-20
0
0
2.73695e-20
2.70771e-20
0
0
0
-3.40802e-20
5.13162e-20
3.33421e-20
-2.51101e-20
0
5.68352e-20
1.52025e-20
0
1.48551e-20
2.2026e-20
1.60192e-20
0
-2.98666e-20
0
0
-2.8891e-20
2.85724e-20
-1.48808e-20
0
-5.5272e-20
1.44174e-20
0
-2.67281e-20
0
0
-1.21718e-20
0
-6.24389e-20
0
0
-2.44411e-20
-4.8337e-20
0
1.10637e-20
2.33676e-20
0
-6.70387e-20
0
4.31729e-20
0
0
0
3.12768e-20
0
0
9.56801e-21
0
0
0
-3.79474e-20
0
0
-3.66269e-20
3.61962e-20
0
-1.84266e-20
3.34279e-20
1.80121e-20
-1.6304e-20
0
0
1.57059e-20
3.2526e-20
0
0
0
0
1.45678e-20
-4.46604e-20
2.99143e-20
-2.25443e-20
1.38504e-20
0
0
0
0
-2.75002e-20
-4.00041e-20
0
-1.25094e-20
0
0
-2.55786e-20
0
0
-7.24947e-20
0
2.40754e-20
1.26446e-20
0
0
0
0
-1.04394e-20
1.18081e-20
-3.20148e-20
0
0
0
0
0
0
0
0
0
0
0
1.73646e-20
0
-3.53213e-20
2.92927e-20
0
0
2.91348e-20
2.88372e-20
0
0
0
-3.63976e-20
-1.87619e-20
2.71093e-20
0
-3.49049e-20
0
0
4.19014e-20
0
3.31172e-20
2.34488e-20
0
2.444e-20
-1.51214e-20
-1.6459e-20
0
-1.61296e-20
0
-4.59148e-20
0
-6.99248e-21
0
0
0
0
-1.32194e-20
1.30708e-20
-6.76273e-20
0
1.41382e-20
0
0
-2.59229e-20
0
0
0
0
-3.60928e-20
1.13975e-20
1.12669e-20
1.11376e-20
0
0
0
-2.27714e-20
1.05105e-20
2.22823e-20
4.25783e-20
0
0
0
0
-3.05581e-20
0
0
-2.02011e-20
0
2.88942e-20
0
0
-3.82517e-20
0
0
0
0
5.13069e-20
0
-3.39192e-20
0
1.73266e-20
3.27697e-20
0
4.87873e-20
-2.41182e-20
0
0
0
0
-2.9878e-20
0
0
-2.8856e-20
-2.85227e-20
-1.48486e-20
1.46855e-20
1.30199e-20
2.7225e-20
4.11161e-20
-1.40507e-20
0
0
0
0
0
0
0
-2.4219e-20
0
0
-3.43181e-20
-2.31067e-20
-2.28364e-20
-3.31014e-20
0
0
0
3.15415e-20
0
3.07876e-20
-2.07794e-20
-9.5155e-21
9.39475e-21
4.93851e-20
-3.81335e-20
0
2.82801e-20
8.81128e-21
0
1.71742e-20
-8.47695e-21
2.66082e-20
0
0
0
7.94488e-21
2.50305e-20
7.74057e-21
1.52804e-20
-2.4127e-20
0
3.97382e-20
-3.05051e-20
0
-1.56282e-20
0
-2.90172e-20
0
-2.82993e-20
4.11681e-20
-1.30472e-20
0
3.96188e-20
0
0
1.22068e-20
0
0
0
1.157e-20
0
0
0
0
5.70891e-20
0
0
-3.26607e-20
0
-1.01072e-20
2.1445e-20
-9.83558e-21
0
0
0
-2.94401e-20
0
2.86837e-20
3.72487e-20
1.91318e-20
-2.75838e-20
0
0
3.18687e-20
0
-4.20699e-20
0
0
-9.80375e-21
0
9.58419e-21
0
0
0
0
0
0
-3.69012e-20
0
-3.60982e-20
6.28558e-20
1.84078e-20
0
0
0
-3.37838e-20
1.74581e-20
0
1.70914e-20
0
0
3.91316e-20
1.48758e-20
1.47025e-20
0
-3.02269e-20
0
0
0
0
0
-4.16407e-20
0
-2.76338e-20
-6.75592e-20
1.27571e-20
0
2.64161e-20
0
-1.36653e-20
2.5536e-20
0
0
0
0
2.41298e-20
2.38574e-20
0
0
0
-1.06461e-20
5.55941e-20
1.03894e-20
-2.20305e-20
0
0
3.11811e-20
-2.1047e-20
9.65169e-21
3.01044e-20
0
0
9.18602e-21
0
4.78123e-20
1.76999e-20
0
0
0
3.51797e-20
-2.64464e-20
-2.61354e-20
0
0
0
3.2733e-20
-2.46318e-20
0
3.90865e-20
3.1191e-20
0
0
0
0
0
0
-2.86552e-20
-1.49067e-20
0
-1.45666e-20
0
0
0
0
-2.59956e-20
1.2088e-20
3.73005e-20
-2.50601e-20
-1.16257e-20
0
-2.41567e-20
0
0
0
0
0
0
2.21687e-20
0
0
0
-2.11045e-20
0
0
9.41756e-21
0
-9.16996e-21
0
0
2.79326e-20
-3.62732e-20
0
0
0
0
3.40116e-20
0
0
0
-2.46003e-20
0
0
0
1.60863e-20
0
1.41897e-20
0
-1.53105e-20
-5.89862e-20
2.83698e-20
0
1.30686e-20
2.72833e-20
0
-2.65813e-20
0
0
-1.20285e-20
-1.33665e-20
0
3.61158e-20
-1.28815e-20
3.51641e-20
-1.10645e-20
3.42363e-20
0
0
0
0
1.01715e-20
-3.15914e-20
0
0
9.61329e-21
3.94165e-20
0
0
2.87535e-20
3.73238e-20
-2.7989e-20
-2.76141e-20
3.58243e-20
1.84205e-20
0
0
3.8594e-20
-1.22104e-20
0
2.53235e-20
0
2.47354e-20
-1.1471e-20
0
0
-3.46449e-20
0
0
3.3415e-20
0
1.03713e-20
0
0
0
4.09353e-20
-9.73304e-21
-9.60973e-21
2.99676e-20
0
2.92487e-20
9.13042e-21
0
0
0
0
0
0
0
0
8.12997e-21
1.60503e-20
0
-7.81922e-21
5.70346e-20
0
4.66198e-20
-3.11907e-20
0
-3.76532e-20
0
1.4085e-20
3.62567e-20
2.89425e-20
0
0
-2.78776e-20
2.7531e-20
0
0
1.25061e-20
0
-3.80376e-20
0
2.52191e-20
0
0
0
-3.52236e-20
-2.36842e-20
0
0
0
-2.25224e-20
-1.03684e-20
2.19626e-20
0
0
9.82229e-21
0
9.55924e-21
0
0
0
0
0
-3.67375e-20
0
0
0
-3.48574e-20
0
0
0
0
3.26374e-20
3.221e-20
1.51422e-20
0
0
0
3.01534e-20
-2.26942e-20
2.9367e-20
0
0
0
2.78537e-20
0
0
0
0
0
-1.21111e-20
0
-2.50528e-20
0
0
0
-6.97711e-20
3.44159e-20
0
2.28311e-20
-4.35566e-20
3.25978e-20
3.21581e-20
-4.17977e-20
-9.93078e-21
0
2.08055e-20
-3.00451e-20
0
0
9.11318e-21
-1.947e-20
5.61366e-20
0
-8.60344e-21
0
0
-8.23873e-21
0
0
7.88848e-21
0
-7.66277e-21
0
0
-1.61745e-20
0
0
1.55461e-20
0
0
0
0
0
0
2.68495e-20
-2.64793e-20
5.22283e-20
0
0
3.6821e-20
-2.4703e-20
1.14294e-20
0
0
0
0
4.39521e-20
2.24144e-20
0
-1.01485e-20
6.29964e-20
0
-2.09114e-20
0
-2.97569e-20
2.93367e-20
9.13965e-21
0
0
2.77139e-20
-1.72126e-20
2.4494e-20
0
0
0
-2.34292e-20
2.31699e-20
0
6.6474e-20
0
3.24874e-20
0
0
0
0
4.04074e-20
0
2.99859e-20
0
-2.93049e-20
-9.15519e-21
-3.76832e-20
2.83107e-20
1.9159e-20
2.61612e-20
1.87335e-20
1.85243e-20
0
1.66082e-20
-3.43156e-20
0
0
0
3.2739e-20
-2.46428e-20
2.43584e-20
0
0
-1.6184e-20
-3.05009e-20
2.29827e-20
0
-2.24536e-20
2.90898e-20
-2.87468e-20
1.34517e-20
0
0
0
-2.70884e-20
-1.26318e-20
-2.64508e-20
0
0
0
0
0
0
-2.43303e-20
-2.40411e-20
2.37551e-20
1.09841e-20
0
1.22104e-20
0
0
0
-2.18432e-20
-1.15434e-20
0
4.06366e-20
-2.08187e-20
9.53294e-21
0
2.93698e-20
0
-5.73074e-20
3.72346e-20
1.91376e-20
5.52218e-20
5.45429e-20
3.54134e-20
1.82377e-20
0
2.59534e-20
0
3.32556e-20
0
0
-2.43923e-20
0
3.12235e-20
-3.08316e-20
0
0
0
-2.08551e-20
0
-4.21145e-20
1.33569e-20
0
2.75111e-20
0
2.68216e-20
0
-2.61488e-20
3.7976e-20
3.74868e-20
-2.51704e-20
0
2.4538e-20
2.42276e-20
-2.39212e-20
0
-4.51352e-20
0
-3.33472e-20
3.29154e-20
0
-2.18798e-20
-2.16026e-20
0
0
5.1227e-20
0
0
0
-3.80105e-20
-3.75095e-20
-8.87777e-21
-1.90152e-20
0
0
0
0
0
-1.61103e-20
3.32781e-20
0
3.24026e-20
0
-3.15494e-20
4.59447e-20
0
3.03105e-20
0
0
-1.38077e-20
0
0
2.79736e-20
0
-1.28654e-20
1.26843e-20
0
-1.23292e-20
-2.58138e-20
0
-6.20759e-20
0
0
-2.41404e-20
-3.49765e-20
0
0
0
0
-2.22741e-20
-1.02369e-20
3.1775e-20
2.13957e-20
0
0
3.00763e-20
0
2.92608e-20
0
0
-3.69363e-20
0
0
-2.23543e-20
-1.03077e-20
3.20795e-20
-1.00767e-20
-3.13936e-20
2.12054e-20
0
-5.11517e-20
0
0
0
4.89987e-20
-2.87834e-20
0
0
1.90733e-20
-3.62388e-20
-1.71676e-20
-3.54447e-20
-3.65583e-20
-5.27523e-20
-1.78941e-20
2.58045e-20
3.35291e-20
0
1.56428e-20
0
-2.44257e-20
3.17097e-20
-5.52508e-20
0
0
0
0
0
1.39059e-20
1.3742e-20
0
0
0
-6.85258e-20
-4.03481e-20
0
0
3.89782e-20
2.61889e-20
-3.80889e-20
0
-1.34091e-20
-1.1762e-20
0
0
0
1.12061e-20
1.10708e-20
-2.33784e-20
-3.39184e-20
2.28519e-20
0
0
0
0
-3.16249e-20
-3.12571e-20
3.08933e-20
9.67641e-21
0
-2.98258e-20
-2.94777e-20
0
-9.09628e-21
0
0
0
0
0
-8.44145e-21
0
5.24052e-20
0
0
-1.73612e-20
0
-4.01607e-20
3.20417e-20
1.50771e-20
3.12793e-20
0
-3.05342e-20
0
0
0
0
2.87446e-20
2.83989e-20
0
-1.46118e-20
0
0
0
0
0
0
0
0
0
0
0
-3.51863e-20
0
0
-1.07974e-20
0
0
3.26515e-20
0
0
0
2.12077e-20
3.06733e-20
0
2.99147e-20
0
-2.91742e-20
9.1022e-21
0
1.92323e-20
0
1.87677e-20
-1.85395e-20
0
1.80916e-20
-4.24232e-20
-3.38049e-20
0
4.86758e-20
0
0
0
-2.38566e-20
2.35577e-20
0
0
1.56233e-20
2.23985e-20
0
0
5.80113e-20
0
4.05532e-20
-2.71849e-20
-3.95044e-20
1.24953e-20
6.46374e-20
-3.79799e-20
0
0
2.48427e-20
-1.15104e-20
2.42107e-20
3.50991e-20
-5.82346e-20
0
-2.2994e-20
0
0
6.48608e-20
0
3.15855e-20
0
3.0762e-20
-3.03582e-20
0
-2.9566e-20
0
0
0
0
-1.89501e-20
3.5911e-20
-3.93219e-20
-9.35245e-21
-2.92596e-20
0
0
-1.94143e-20
0
2.77893e-20
2.75036e-20
-1.86486e-20
0
8.38598e-21
0
-3.4319e-20
-1.62274e-20
0
-1.73777e-20
0
0
0
0
0
0
0
-1.60273e-20
0
2.99072e-20
0
3.62201e-20
0
0
0
5.46023e-20
1.31253e-20
1.29776e-20
-3.99987e-20
0
4.0639e-20
0
0
-2.57483e-20
0
1.18479e-20
0
0
1.29518e-20
2.41374e-20
3.50651e-20
0
-2.3368e-20
0
2.28681e-20
0
-3.28152e-20
-1.03163e-20
2.18985e-20
1.00789e-20
0
-9.84635e-21
-4.0432e-20
-3.03602e-20
-9.50645e-21
0
-2.93616e-20
0
0
0
0
0
0
3.56987e-20
0
0
-2.62513e-20
-1.78068e-20
-3.37223e-20
0
4.8689e-20
4.96314e-20
0
0
2.39905e-20
-7.40565e-21
3.80888e-20
-1.44582e-20
-1.42844e-20
-2.26733e-20
1.5447e-20
-1.37745e-20
5.74412e-20
2.83916e-20
-1.47852e-20
-1.46243e-20
-1.29607e-20
0
0
0
-2.61867e-20
-2.58854e-20
0
2.52927e-20
0
0
1.29661e-20
3.54671e-20
0
2.35918e-20
6.84535e-20
-3.38225e-20
0
0
-3.26368e-20
0
0
0
9.87096e-21
0
-2.07566e-20
-3.95278e-20
-2.96651e-20
-3.85818e-20
-2.89637e-20
2.86189e-20
0
0
-3.63096e-20
0
0
9.8801e-21
-2.6314e-20
-3.41649e-20
1.61233e-20
0
2.50786e-20
-7.75818e-21
-3.21416e-20
2.41893e-20
-3.13649e-20
-1.62437e-20
2.33307e-20
0
-1.56847e-20
0
0
-4.24274e-20
0
2.8088e-20
-2.77451e-20
0
0
2.52364e-20
0
2.60906e-20
2.42674e-20
5.09122e-20
-2.51446e-20
1.31704e-20
0
0
-3.51511e-20
0
0
2.30663e-20
0
1.05001e-20
0
-2.04519e-20
0
1.99167e-20
0
3.05959e-20
9.56916e-21
3.92744e-20
2.94567e-20
0
0
-2.83591e-20
1.91695e-20
0
3.59009e-20
0
-2.69606e-20
0
0
-2.61771e-20
-3.40592e-20
5.13332e-20
5.08297e-20
0
0
-2.46734e-20
-2.44308e-20
0
0
7.40381e-21
0
0
0
2.98906e-20
0
0
0
-2.87063e-20
2.84171e-20
0
2.78468e-20
0
0
-1.27532e-20
0
1.24813e-20
0
-2.59337e-20
6.34243e-20
0
3.84805e-20
0
-3.62126e-20
2.43926e-20
0
-2.38984e-20
3.47298e-20
0
0
3.36547e-20
3.33032e-20
2.24717e-20
0
-1.02548e-20
0
0
9.92009e-21
-1.13154e-20
-9.70235e-21
3.9885e-20
-2.04824e-20
2.96558e-20
-2.93434e-20
0
0
2.84245e-20
0
0
0
-2.72413e-20
2.69528e-20
0
0
0
0
0
0
1.71768e-20
0
-3.21429e-20
5.60178e-20
5.54156e-20
0
-3.07733e-20
0
0
-2.97823e-20
0
0
0
0
0
0
2.75858e-20
-1.43947e-20
0
-5.33844e-20
1.39525e-20
3.84156e-20
0
-3.75631e-20
1.18797e-20
1.17413e-20
0
0
0
0
-2.36463e-20
-2.33866e-20
1.08126e-20
0
0
-2.2375e-20
0
-1.16948e-20
0
2.14058e-20
-9.83278e-21
0
0
2.04776e-20
-9.37367e-21
9.26198e-21
-2.89589e-20
2.8631e-20
5.66134e-20
2.79859e-20
1.50439e-21
-3.59716e-20
-3.55578e-20
0
0
0
0
0
5.84206e-20
1.71448e-20
1.54511e-20
2.44e-20
0
1.63997e-20
2.35757e-20
-2.33071e-20
0
0
-2.95238e-20
0
-2.88428e-20
-1.35018e-20
0
4.10223e-20
-4.05369e-20
4.0057e-20
-3.95825e-20
0
3.86497e-20
0
-1.20779e-20
0
2.5066e-20
0
2.44854e-20
0
0
3.4707e-20
-1.09298e-20
0
0
2.25561e-20
0
0
1.16402e-20
0
0
-3.07826e-20
-3.04149e-20
3.00514e-20
-3.90882e-20
-9.27767e-21
0
0
3.7228e-20
-8.81811e-21
-3.63305e-20
1.71928e-20
0
-3.22967e-20
3.199e-20
0
0
-2.36906e-20
0
0
-3.02055e-20
0
0
-2.93484e-20
-2.90678e-20
0
0
6.98496e-20
1.47376e-20
0
1.44705e-20
1.28337e-20
4.11196e-20
0
1.39506e-20
1.38236e-20
3.8083e-20
-5.12816e-20
0
2.51485e-20
-2.34008e-20
0
3.58877e-20
-3.55334e-20
-5.91389e-20
1.26148e-20
1.0995e-20
-2.32673e-20
-2.30417e-20
-4.41315e-20
3.31427e-20
3.28136e-20
0
-4.23845e-20
0
-1.15124e-20
0
2.11031e-20
3.0594e-20
0
0
-2.96863e-20
0
-3.82921e-20
0
1.95118e-20
1.93212e-20
-2.79462e-20
0
-1.72553e-20
0
-1.8395e-20
0
1.80366e-20
0
1.76851e-20
0
0
-2.50031e-20
-1.54972e-20
0
0
-3.90097e-20
2.37649e-20
3.08642e-20
-3.78071e-20
-2.30503e-20
0
0
0
0
0
-5.83215e-20
4.14197e-20
0
-2.7536e-20
0
0
5.33785e-20
3.88664e-20
1.23169e-20
0
0
3.72469e-20
-1.17825e-20
-2.4809e-20
0
0
-5.93545e-20
2.37924e-20
0
-2.32993e-20
-3.38323e-20
-1.06557e-20
0
2.23425e-20
0
-2.18786e-20
2.16501e-20
9.95969e-21
0
3.07157e-20
0
0
0
-3.87256e-20
0
0
0
0
-1.75801e-20
-3.62653e-20
8.59136e-21
0
0
-1.81066e-20
0
3.39545e-20
-9.52427e-21
-1.58558e-20
0
3.24931e-20
-1.68209e-20
0
0
-3.10924e-20
0
0
7.14395e-21
0
3.79078e-20
2.91003e-20
0
0
0
0
0
0
0
0
3.87631e-20
0
0
2.54829e-20
1.33534e-20
1.17101e-20
3.6223e-20
0
0
0
0
0
1.07802e-20
-2.28108e-20
0
0
0
0
2.15817e-20
0
9.80224e-21
-9.68603e-21
0
9.45749e-21
0
0
0
0
-3.71372e-20
0
0
3.58774e-20
-1.41019e-20
6.98329e-21
-2.917e-20
0
2.86402e-20
0
7.10511e-20
1.31786e-20
0
0
0
3.9532e-20
-1.40577e-20
0
0
0
0
-1.34584e-20
0
-2.49467e-20
2.47173e-20
0
7.12883e-20
-2.4041e-20
-1.26623e-20
0
2.33824e-20
0
1.22291e-20
0
-1.0513e-20
5.50549e-20
0
3.21158e-20
0
0
3.1212e-20
-3.09161e-20
0
-3.03322e-20
5.05753e-20
2.97587e-20
0
9.23013e-21
0
0
1.94147e-20
-3.69638e-20
-1.75508e-20
2.75657e-20
0
0
-3.52097e-20
3.48684e-20
1.80176e-20
0
3.38631e-20
-1.60145e-20
8.22677e-20
-4.85751e-20
-7.76502e-21
3.2248e-20
0
3.16225e-20
2.38618e-20
0
-3.07059e-20
3.04059e-20
3.01088e-20
0
1.40089e-20
-1.38645e-20
0
-1.50846e-20
0
-2.8105e-20
0
0
-4.01763e-20
0
-1.41287e-20
2.64896e-20
-2.62292e-20
0
0
3.74416e-20
0
0
0
0
-3.55972e-20
-1.12447e-20
0
0
0
3.38395e-20
1.06644e-20
0
1.04401e-20
0
0
-3.18397e-20
6.30354e-20
-9.89797e-21
-2.10902e-20
2.08818e-20
3.02606e-20
0
0
2.93497e-20
-9.18239e-21
0
0
1.92859e-20
3.81904e-20
0
0
-1.85343e-20
5.35483e-20
-3.48344e-20
0
-3.41195e-20
0
0
0
4.8346e-20
0
0
0
-3.14001e-20
-3.10754e-20
1.46246e-20
0
0
0
0
0
2.88934e-20
-2.85943e-20
0
4.12556e-20
0
0
-2.71443e-20
0
2.65851e-20
2.63098e-20
0
-3.78992e-20
-3.74991e-20
-5.04739e-20
0
0
0
1.28565e-20
0
-1.11026e-20
2.34647e-20
0
0
0
0
3.26631e-20
-2.20469e-20
0
-2.15942e-20
9.93336e-21
0
5.15801e-20
0
3.00035e-20
0
-9.28967e-21
0
2.87574e-20
0
1.92711e-20
-1.0289e-20
-3.62507e-20
-1.86842e-20
0
1.93437e-20
0
2.76688e-20
-1.87522e-20
-1.85589e-20
-1.50465e-21
0
0
0
1.61161e-20
0
-5.02704e-20
1.70798e-20
0
3.19518e-20
0
0
1.62139e-20
0
0
0
7.02373e-21
0
-5.79152e-20
-2.86415e-20
-1.34121e-20
2.8019e-20
-4.08165e-20
0
-3.99111e-20
0
-3.90242e-20
2.62266e-20
0
1.3579e-20
0
0
0
0
0
-2.4004e-20
-6.97128e-20
-5.794e-20
2.32175e-20
1.07282e-20
2.27068e-20
-3.2931e-20
0
0
1.01065e-20
0
0
-9.74906e-21
0
-3.00557e-20
0
2.93746e-20
0
9.06787e-21
0
0
-1.7487e-20
0
0
4.36521e-20
3.4813e-20
0
0
0
0
-1.71678e-20
0
1.52823e-20
0
0
-3.83192e-20
-3.05936e-20
7.18265e-21
6.68544e-20
0
-2.91827e-20
-1.36677e-20
-4.19988e-20
2.81653e-20
2.78337e-20
2.75059e-20
0
3.95397e-20
0
0
0
0
-6.25288e-20
1.32586e-20
0
-1.29644e-20
-2.41354e-20
1.11727e-20
2.3567e-20
0
0
3.33558e-20
1.04823e-20
0
0
0
0
2.11659e-20
-3.06195e-20
0
2.9878e-20
9.33653e-21
0
0
1.94656e-20
0
1.9005e-20
-4.6195e-20
1.85553e-20
6.19143e-20
1.81161e-20
0
0
0
0
7.77955e-21
-2.4538e-20
-7.57765e-21
0
0
-1.45676e-20
-7.1882e-21
0
7.00044e-21
-2.76331e-20
0
0
0
-1.46052e-20
-4.02873e-20
2.70169e-20
2.66785e-20
-1.24201e-20
-2.6014e-20
0
-1.19309e-20
0
0
0
2.41164e-20
-2.38136e-20
0
0
4.43515e-20
3.32076e-20
-3.2781e-20
0
-5.37408e-20
0
0
3.07266e-20
-6.06622e-20
9.47888e-21
-2.02045e-20
0
2.8798e-20
1.79486e-20
-1.92081e-20
0
1.72248e-20
-4.54816e-20
-3.50186e-20
-3.45601e-20
0
0
0
0
0
0
0
-3.21288e-20
0
0
2.37681e-20
0
1.45359e-20
0
-1.42352e-20
7.04346e-21
0
0
0
0
2.82359e-20
0
2.7677e-20
0
0
0
0
2.63243e-20
2.60612e-20
-1.21478e-20
-2.55422e-20
0
0
-2.47818e-20
0
3.56774e-20
-4.80848e-20
-1.11479e-20
1.10281e-20
1.24142e-20
-1.07919e-20
0
-4.37451e-20
0
0
-1.02206e-20
-2.17238e-20
4.15029e-20
0
3.08529e-20
-9.67586e-21
-3.02148e-20
-6.92658e-20
2.95888e-20
2.00218e-20
2.89749e-20
-9.05586e-21
-2.83727e-20
0
0
2.7491e-20
2.72029e-20
0
0
-3.46385e-20
-2.60779e-20
-2.58035e-20
0
0
-4.99927e-20
0
1.68158e-20
0
0
0
0
-3.0437e-20
0
-1.56445e-20
0
0
4.39966e-20
-4.20242e-20
0
1.31993e-20
-1.30481e-20
5.46024e-20
1.42546e-20
-5.34225e-20
-3.88789e-20
3.84476e-20
0
3.75982e-20
1.18918e-20
4.85199e-20
0
0
-1.28529e-20
-3.51525e-20
0
-3.43705e-20
0
0
0
-2.24045e-20
0
0
0
9.96545e-21
-3.10468e-20
4.04273e-20
7.03154e-20
0
-3.90558e-20
-2.00563e-20
6.71656e-20
-9.05573e-21
-3.72939e-20
3.6865e-20
-1.89726e-20
0
1.85551e-20
3.51951e-20
2.64677e-20
0
-3.39892e-20
3.35958e-20
7.9256e-21
-3.28219e-20
0
2.44245e-20
-2.41452e-20
2.38689e-20
0
0
-3.02426e-20
0
-2.95414e-20
0
0
-2.85184e-20
0
-2.78551e-20
0
0
1.41959e-20
3.91061e-20
0
2.5952e-20
0
-2.53456e-20
2.50476e-20
-1.16243e-20
0
-3.5508e-20
-2.38886e-20
0
0
-4.46025e-20
-2.27812e-20
0
0
3.22231e-20
0
-2.14667e-20
0
-3.06906e-20
0
-2.99506e-20
2.02261e-20
0
0
3.75272e-20
1.92843e-20
0
0
3.57088e-20
1.83858e-20
0
-5.08483e-20
3.39743e-20
1.75287e-20
0
-1.71151e-20
0
3.19187e-20
0
0
0
-2.72837e-20
-3.9801e-20
0
0
-1.39047e-20
0
3.9493e-20
-2.55913e-20
0
0
-2.48963e-20
-2.46686e-20
6.03545e-20
1.28621e-20
0
-1.26411e-20
0
-3.42614e-20
-2.31282e-20
-1.07053e-20
0
-1.04954e-20
0
0
0
4.18511e-20
0
0
0
-3.05798e-20
-3.9885e-20
0
0
0
-9.21694e-21
2.88785e-20
1.95707e-20
0
0
-2.77932e-20
0
0
-1.85043e-20
2.67455e-20
3.48174e-20
0
1.78242e-20
0
0
3.31546e-20
0
0
0
0
1.65347e-20
0
-3.8309e-20
-3.06442e-20
0
0
-7.06091e-21
1.54802e-20
0
-2.8877e-20
0
0
0
-1.46281e-20
1.44906e-20
0
0
-2.66661e-20
3.88491e-20
0
0
-2.56202e-20
1.193e-20
5.02233e-20
0
2.46124e-20
-4.72276e-20
3.54311e-20
3.50687e-20
-3.47097e-20
0
-2.31694e-20
2.29367e-20
3.33069e-20
2.24778e-20
0
0
3.19559e-20
-2.15857e-20
0
-2.11521e-20
-9.71683e-21
9.611e-21
0
-2.97118e-20
0
-2.90977e-20
2.87951e-20
0
0
-5.5809e-20
4.65238e-20
2.7325e-20
0
0
3.48004e-20
3.44306e-20
-3.40644e-20
1.76032e-20
-7.95949e-21
1.72458e-20
-4.97047e-20
0
-7.60907e-21
0
-2.38216e-20
1.6215e-20
0
0
-2.28309e-20
-2.25893e-20
2.92987e-20
0
1.50875e-20
0
1.47796e-20
0
1.29733e-20
5.43078e-20
0
1.25319e-20
1.38923e-20
0
2.57122e-20
0
-1.18256e-20
0
3.61637e-20
0
-1.1286e-20
0
-1.10245e-20
1.08957e-20
0
0
-3.30563e-20
0
0
0
3.15969e-20
2.13291e-20
-3.08897e-20
0
0
0
-2.95193e-20
1.99586e-20
0
0
3.71063e-20
0
0
0
0
0
0
3.42157e-20
0
0
-2.51576e-20
0
3.22805e-20
3.19059e-20
0
0
1.11739e-20
0
-3.44273e-20
-2.32558e-20
0
0
-4.38402e-20
-3.29696e-20
1.03933e-20
-1.02992e-20
-1.02059e-20
0
4.15915e-20
0
4.0866e-20
0
0
-3.02261e-20
2.99639e-20
-2.03043e-20
0
-3.8418e-20
2.8936e-20
-2.86843e-20
0
0
0
1.89669e-20
0
-3.57869e-20
4.54665e-20
8.41259e-21
0
4.27922e-20
0
0
3.36225e-20
7.95453e-21
0
-1.71189e-20
1.6973e-20
0
0
0
0
-7.37813e-21
0
-3.04649e-20
-3.01919e-20
5.98425e-20
0
-2.93866e-20
0
0
-1.35479e-20
0
0
0
0
-1.2915e-20
2.70884e-20
0
1.25478e-20
-5.27204e-20
2.46164e-20
-5.02646e-20
0
-1.34614e-20
0
0
4.79575e-20
0
0
0
3.50122e-20
0
0
0
0
0
-2.25666e-20
-4.32153e-20
0
1.02237e-20
4.19978e-20
4.15989e-20
0
0
0
9.63306e-21
9.53757e-21
0
-9.34905e-21
9.25601e-21
0
0
0
2.81807e-20
0
1.89341e-20
1.87591e-20
-3.56661e-20
5.52408e-20
0
0
0
1.77407e-20
0
0
-3.29977e-20
0
3.23596e-20
1.52699e-20
0
1.49593e-20
-3.11171e-20
0
0
0
-1.42067e-20
-2.96252e-20
0
0
0
-1.4992e-20
5.63981e-20
0
-2.76464e-20
-2.73738e-20
0
0
0
0
0
2.42847e-20
0
-3.71683e-20
0
0
-3.60491e-20
-3.56828e-20
0
-1.11519e-20
6.92084e-20
0
0
3.35553e-20
1.05691e-20
0
0
1.02323e-20
-3.18711e-20
0
6.24385e-20
9.7977e-21
0
3.02643e-20
6.93862e-20
-2.96425e-20
0
-2.90325e-20
-9.07568e-21
0
0
0
-1.88732e-20
0
-2.69869e-20
-1.83054e-20
-1.66151e-20
0
0
3.36424e-20
-1.7395e-20
0
0
0
0
-3.07723e-20
-9.67328e-21
0
-2.05269e-20
5.9593e-20
-3.89079e-20
0
-9.19298e-21
0
0
0
-1.92759e-20
0
-5.54201e-20
0
-1.86793e-20
2.70468e-20
2.68292e-20
-3.49826e-20
-1.81013e-20
5.08676e-20
-2.59757e-20
1.76795e-20
0
-7.94917e-21
0
0
3.24915e-20
3.22255e-20
-3.19616e-20
0
5.53963e-20
0
7.35526e-21
0
-2.31923e-20
3.01716e-20
3.70285e-20
-2.96781e-20
0
2.91925e-20
-1.5229e-20
0
2.84783e-20
4.16132e-20
0
-1.31377e-20
2.75521e-20
0
0
0
-2.6655e-20
-1.39703e-20
2.6217e-20
-2.60007e-20
0
3.76069e-20
1.19282e-20
3.69756e-20
3.66638e-20
0
0
4.8661e-20
1.13118e-20
-2.39294e-20
0
-3.45493e-20
0
0
0
0
0
-2.23878e-20
0
-6.45474e-20
-3.19994e-20
0
0
0
-9.80622e-21
-3.06606e-20
3.03993e-20
3.014e-20
-9.45915e-21
-9.37413e-21
0
-9.20612e-21
0
2.86278e-20
0
2.81399e-20
-2.78988e-20
1.89416e-20
0
0
0
0
0
1.80121e-20
0
2.58156e-20
3.36227e-20
-7.95588e-21
0
-3.27483e-20
-4.94451e-20
-2.45093e-20
0
0
-2.38798e-20
-2.36734e-20
0
-3.0519e-20
0
0
0
0
0
0
0
0
2.81803e-20
1.32129e-20
1.30893e-20
2.74386e-20
0
0
0
0
0
0
-1.21364e-20
3.75705e-20
0
1.33004e-20
0
0
-1.14624e-20
0
-2.39955e-20
0
0
0
0
3.36582e-20
0
0
3.27403e-20
3.24395e-20
0
0
0
0
-3.0973e-20
2.09598e-20
0
0
-2.98438e-20
0
9.26279e-21
9.17224e-21
0
0
0
0
1.89671e-20
0
-1.86245e-20
0
3.50706e-20
-9.8134e-21
0
0
0
2.54543e-20
3.31191e-20
0
0
-3.21809e-20
-3.18736e-20
1.67296e-20
0
0
3.41705e-20
3.39097e-20
1.75784e-20
3.33942e-20
7.90843e-21
2.50414e-20
-3.26358e-20
-7.7203e-21
0
0
3.16517e-20
3.14105e-20
-1.63384e-20
-2.35765e-20
0
-3.04638e-20
7.1815e-21
0
3.68397e-20
2.25361e-20
-1.39077e-20
0
0
0
0
0
-2.80073e-20
0
0
2.7373e-20
2.71648e-20
-3.96845e-20
2.67533e-20
-6.56218e-20
2.63481e-20
0
-1.22217e-20
-2.5752e-20
-3.75817e-20
0
0
0
0
0
1.14542e-20
0
0
0
2.36815e-20
0
-1.0909e-20
0
-2.29715e-20
-1.06458e-20
6.63683e-20
3.29271e-20
0
3.24188e-20
-1.02207e-20
-5.36993e-20
3.16712e-20
3.14258e-20
-6.23647e-20
3.09408e-20
3.07011e-20
0
0
0
9.41836e-21
0
0
0
1.97348e-20
2.86258e-20
3.73702e-20
0
0
3.6497e-20
-3.62104e-20
0
0
0
-2.66911e-20
-1.81582e-20
1.80214e-20
0
1.77512e-20
2.56736e-20
-2.54748e-20
-4.90494e-20
0
0
0
-3.98358e-20
-7.6028e-21
-1.65858e-20
0
3.11698e-20
0
-1.45879e-20
0
1.58531e-20
0
0
0
-2.92613e-20
0
1.51541e-20
1.50407e-20
0
0
-4.11066e-20
-2.76866e-20
1.50563e-21
-2.72523e-20
-3.98036e-20
1.41652e-20
0
0
0
2.59894e-20
0
0
1.19372e-20
2.518e-20
1.1738e-20
0
0
0
0
-3.52658e-20
0
4.57649e-20
0
2.3264e-20
0
3.35951e-20
-2.2718e-20
-4.50777e-20
0
2.21847e-20
0
5.38374e-20
-7.35651e-20
0
0
0
-9.74133e-21
2.08226e-20
-9.57638e-21
0
1.09196e-20
-2.95069e-20
2.92681e-20
0
0
-2.8563e-20
-1.04476e-20
0
-1.90847e-20
3.63626e-20
-2.74242e-20
0
0
-2.67623e-20
0
-2.63296e-20
9.70897e-21
-1.62655e-20
0
0
0
3.29276e-20
-3.26558e-20
0
1.53066e-20
3.18533e-20
0
2.99767e-20
-7.06372e-21
2.95465e-20
2.23769e-20
0
1.37039e-20
0
2.84999e-20
1.49006e-20
0
0
1.30927e-20
-2.7493e-20
4.01915e-20
0
0
-1.26046e-20
0
-2.63352e-20
-2.61474e-20
2.59611e-20
-3.79114e-20
-2.55928e-20
6.27739e-20
0
-1.17725e-20
2.4873e-20
0
-1.15078e-20
8.2958e-20
1.13347e-20
0
0
5.8412e-20
0
0
-2.31684e-20
0
0
-1.05882e-20
0
3.27938e-20
0
-1.02728e-20
0
0
-3.16338e-20
9.96708e-21
0
0
0
0
0
3.96096e-20
9.45437e-21
2.9656e-20
0
-9.24303e-21
0
0
2.86156e-20
0
1.9309e-20
-2.80105e-20
0
0
-1.72756e-20
-3.57984e-20
1.85238e-20
-1.83965e-20
0
1.81447e-20
2.62775e-20
0
3.40428e-20
1.76528e-20
0
2.53659e-20
0
0
0
0
-2.44891e-20
-1.67138e-20
0
-1.64881e-20
3.12471e-20
-7.37994e-21
3.0806e-20
2.33175e-20
0
-4.44827e-20
0
2.97329e-20
-2.95233e-20
0
0
0
0
-4.35017e-20
0
0
-1.31988e-20
-2.77082e-20
-1.45101e-20
0
3.99434e-20
0
-1.41297e-20
0
-2.6382e-20
0
0
0
-3.77312e-20
0
0
0
0
0
0
0
-1.28883e-20
1.12988e-20
3.51534e-20
-3.49066e-20
2.36098e-20
0
0
0
-2.14633e-20
-2.28122e-20
1.05752e-20
2.25019e-20
-1.04213e-20
3.25416e-20
0
0
-3.18675e-20
-1.00468e-20
0
0
2.1164e-20
0
0
9.61634e-21
-9.54655e-21
-2.99379e-20
9.40862e-21
-2.95274e-20
0
-6.74522e-20
0
0
0
2.83338e-20
4.74026e-20
0
0
0
0
-1.86323e-20
0
1.68812e-20
2.66462e-20
-1.8146e-20
0
3.43111e-20
0
0
2.5586e-20
0
0
0
0
4.17359e-20
3.22649e-20
1.67762e-20
-2.42488e-20
0
0
0
0
-3.73444e-20
-2.52254e-20
0
6.14567e-20
-7.26393e-20
0
1.29437e-20
-4.84332e-20
0
1.11924e-20
0
3.46018e-20
0
0
-1.0796e-20
0
0
0
-2.24858e-20
-2.23358e-20
0
-5.43449e-20
0
0
0
-4.14135e-20
-2.13177e-20
2.11768e-20
-3.08025e-20
0
3.0388e-20
9.55904e-21
-6.94512e-20
-2.03542e-20
-3.89357e-20
-9.29126e-21
-3.84085e-20
-2.89876e-20
2.87937e-20
0
3.73789e-20
8.90511e-21
2.80336e-20
0
0
0
4.59972e-20
0
2.54315e-20
-2.67599e-20
-1.82244e-20
3.47096e-20
0
3.42488e-20
1.77636e-20
0
0
5.87371e-20
0
2.50587e-20
-1.70993e-20
1.54855e-20
0
1.52728e-20
4.85151e-20
0
-5.53719e-20
-1.48573e-20
0
-4.69756e-20
5.24461e-20
0
2.30405e-20
-3.00231e-20
0
0
-4.34153e-20
0
1.52872e-20
-4.25697e-20
-2.86969e-20
-4.20172e-20
-7.00759e-20
1.33225e-20
0
-2.77946e-20
0
-1.29688e-20
1.43883e-20
0
1.42171e-20
-1.26264e-20
1.40487e-20
1.24593e-20
2.62598e-20
-2.60961e-20
0
-2.42665e-20
0
-2.54546e-20
1.18956e-20
0
2.49872e-20
2.48339e-20
2.46819e-20
0
-2.43817e-20
0
2.40864e-20
-1.27234e-20
0
0
-2.35103e-20
-3.43008e-20
1.08616e-20
-1.07922e-20
-2.29532e-20
0
2.26816e-20
0
0
3.2671e-20
1.03229e-20
2.20224e-20
0
1.16364e-20
5.33473e-20
0
3.1333e-20
0
0
9.75914e-21
0
2.07858e-20
9.58077e-21
0
2.04352e-20
3.91344e-20
0
9.2937e-21
2.92198e-20
0
-2.88888e-20
0
0
-1.94377e-20
-3.71569e-20
-1.92267e-20
0
0
-2.76228e-20
1.88161e-20
0
0
0
0
2.67323e-20
0
0
0
0
0
3.40188e-20
0
1.75827e-20
-7.99375e-21
1.58997e-20
-3.31321e-20
0
4.21168e-20
-2.48422e-20
0
-2.45929e-20
0
0
3.18022e-20
1.05444e-20
-1.0471e-20
1.03982e-20
2.2158e-20
-3.2269e-20
0
-2.02254e-20
0
-2.14527e-20
0
3.10145e-20
0
0
0
0
-9.50257e-21
0
0
0
0
0
0
0
1.79917e-20
0
-3.70028e-20
2.79483e-20
0
0
6.34684e-20
0
-5.41361e-20
0
0
0
1.80947e-20
-5.24453e-20
0
0
-5.95383e-20
-1.75491e-20
0
-2.52523e-20
0
1.71283e-20
-7.75949e-21
0
0
0
0
-3.90463e-20
0
-1.63268e-20
-3.09543e-20
-3.07628e-20
0
7.21958e-21
0
3.71391e-20
0
-2.96466e-20
0
-2.92868e-20
-2.91091e-20
0
-2.87581e-20
0
-5.68259e-20
0
0
-5.5812e-20
1.46231e-20
2.75751e-20
0
0
-4.1387e-20
0
0
0
0
0
6.46317e-20
2.60027e-20
0
0
2.55568e-20
3.73629e-20
1.18798e-20
-1.1808e-20
-1.17369e-20
2.48391e-20
0
0
-1.14585e-20
0
-3.54754e-20
3.52749e-20
0
0
-6.93679e-20
0
4.67361e-20
6.82179e-20
-3.39207e-20
-1.07426e-20
2.28685e-20
-1.21265e-20
0
3.30054e-20
4.32677e-20
0
0
0
-1.02085e-20
0
0
0
0
0
9.87715e-21
-9.8238e-21
-3.08195e-20
0
0
0
-3.02014e-20
-3.95654e-20
0
0
9.36712e-21
0
-2.93206e-20
0
0
-1.97695e-20
0
-9.04058e-21
8.99594e-21
-2.83622e-20
1.93231e-20
-8.865e-21
0
0
2.77224e-20
0
0
0
0
0
1.85045e-20
3.53491e-20
0
3.5049e-20
0
-1.81319e-20
0
-3.44723e-20
0
0
0
2.58219e-20
0
-2.56261e-20
3.35383e-20
0
1.73981e-20
-3.31675e-20
0
0
0
0
0
3.24798e-20
0
0
0
-1.67846e-20
1.67349e-20
0
2.42045e-20
0
0
0
0
-1.91071e-20
2.77313e-20
0
-1.87574e-20
0
1.8529e-20
-1.691e-20
-5.34068e-20
1.81933e-20
0
0
1.78657e-20
0
0
8.01993e-21
3.33763e-20
-3.31684e-20
0
-3.27576e-20
0
0
-3.21541e-20
-3.19562e-20
0
-1.65358e-20
1.4933e-20
-4.60182e-20
0
-2.34787e-20
0
0
0
-3.00653e-20
-2.27902e-20
-1.40997e-20
0
2.23908e-20
0
-1.37492e-20
0
0
-1.34939e-20
5.66539e-20
0
4.12418e-20
2.78337e-20
0
0
0
0
0
1.41955e-20
1.41188e-20
-1.25364e-20
0
2.6279e-20
-1.23122e-20
-1.37452e-20
2.58385e-20
0
1.35289e-20
2.54097e-20
0
0
2.49923e-20
0
-1.31134e-20
-1.15398e-20
3.59265e-20
-4.86428e-20
-3.55331e-20
0
-3.51469e-20
3.49565e-20
-1.10871e-20
0
0
-2.33106e-20
0
-3.38511e-20
-3.3673e-20
-3.34965e-20
4.54335e-20
0
0
-2.23741e-20
1.03777e-20
2.21512e-20
2.20415e-20
0
4.36506e-20
-3.18249e-20
-1.00534e-20
0
0
0
0
2.11028e-20
-4.05011e-20
0
0
0
0
9.50926e-21
0
0
-3.89947e-20
0
0
-2.92249e-20
2.90955e-20
0
0
-2.87163e-20
2.85931e-20
0
-3.72992e-20
-1.9324e-20
0
0
1.90929e-20
-3.65288e-20
-1.89439e-20
-1.8871e-20
0
-1.87283e-20
1.86584e-20
0
0
-1.84552e-20
0
0
-1.82613e-20
0
-5.29046e-20
0
-3.45277e-20
-3.44111e-20
0
-2.6015e-20
-3.40741e-20
-1.77367e-20
1.76838e-20
0
0
3.3556e-20
-3.3459e-20
-3.33644e-20
-1.73897e-20
-5.8445e-20
0
-3.30085e-20
1.72165e-20
0
0
0
0
0
-1.69925e-20
0
-3.2348e-20
-3.22872e-20
3.22291e-20
3.21736e-20
9.16111e-21
0
0
0
0
0
0
0
2.42285e-20
3.17757e-20
0
0
-2.83181e-20
1.92583e-20
0
0
-2.75923e-20
0
-3.58153e-20
3.55819e-20
1.84283e-20
0
3.48928e-20
0
2.62085e-20
0
-3.39995e-20
0
0
1.59209e-20
1.58141e-20
2.50684e-20
1.71092e-20
0
3.22967e-20
-3.20914e-20
3.18879e-20
3.16859e-20
-1.49897e-20
0
0
-4.55884e-20
0
-7.25046e-21
1.59118e-20
0
0
0
-2.95695e-20
-4.33264e-20
0
0
-2.88458e-20
0
0
2.83184e-20
4.14651e-20
0
0
-1.45707e-20
0
1.44041e-20
0
0
-2.83187e-20
3.92247e-20
0
0
0
0
0
3.78219e-20
0
-3.73698e-20
0
0
0
2.48277e-20
0
-3.60587e-20
2.43999e-20
2.42597e-20
0
0
-2.38463e-20
0
-2.35766e-20
0
-2.33116e-20
-1.08372e-20
-1.07724e-20
0
0
0
0
0
0
-3.25091e-20
-2.20541e-20
-2.19344e-20
-1.01546e-20
-3.1794e-20
0
-9.97985e-21
0
0
-2.11261e-20
9.75412e-21
0
-3.04396e-20
3.98674e-20
3.01163e-20
0
2.97991e-20
-2.0264e-20
-9.32709e-21
2.00585e-20
-3.84078e-20
1.98569e-20
-9.12545e-21
-2.87354e-20
3.76167e-20
0
0
0
-2.80188e-20
2.78798e-20
1.8997e-20
-2.76059e-20
3.61257e-20
0
0
1.8552e-20
1.6959e-20
-1.83804e-20
1.8296e-20
1.82125e-20
0
3.45895e-20
-8.23025e-21
3.57747e-20
0
0
3.37989e-20
-3.36461e-20
0
0
7.92284e-21
-1.72797e-20
3.29084e-20
-2.49513e-20
0
0
-2.46391e-20
0
-1.67939e-20
-1.5221e-20
0
3.16906e-20
1.50285e-20
0
1.64115e-20
0
0
0
0
-1.61167e-20
0
-3.05025e-20
-3.03933e-20
-4.61824e-20
0
4.43609e-20
2.99742e-20
0
0
0
2.95837e-20
0
0
2.23591e-20
4.30795e-20
2.91363e-20
-2.90524e-20
-2.89704e-20
0
-2.8812e-20
-1.36141e-20
-2.86613e-20
0
-2.85183e-20
-1.34711e-20
3.16015e-20
-3.13954e-20
4.10858e-20
6.19761e-20
0
0
4.00168e-20
3.01927e-20
0
-5.96088e-20
0
9.30539e-21
0
0
0
0
0
-3.72475e-20
0
0
-1.90199e-20
1.89029e-20
0
0
8.52557e-21
-3.53818e-20
-1.83316e-20
-3.49339e-20
0
0
-1.78909e-20
0
0
0
0
-3.32135e-20
-3.30062e-20
0
-3.25967e-20
0
1.53438e-20
3.19949e-20
0
1.50478e-20
3.14078e-20
0
0
0
-3.06472e-20
1.59836e-20
-4.46612e-20
0
1.42026e-20
-1.56188e-20
-4.35758e-20
0
0
4.27853e-20
0
0
-2.85117e-20
2.83433e-20
0
0
0
2.76836e-20
0
0
0
1.42762e-20
-1.41982e-20
0
2.65821e-20
2.64301e-20
6.49453e-20
0
0
3.79994e-20
0
3.75647e-20
0
-2.52606e-20
1.33133e-20
-2.49808e-20
0
3.63057e-20
0
2.4436e-20
0
-2.41709e-20
0
-1.1202e-20
0
0
-1.10111e-20
0
0
0
0
0
1.06448e-20
-1.05858e-20
0
-3.29145e-20
2.23304e-20
3.25717e-20
0
0
0
1.01331e-20
0
0
2.1451e-20
3.12656e-20
0
0
-3.0802e-20
0
0
0
0
0
2.04468e-20
0
0
0
-2.00738e-20
0
2.90866e-20
1.98046e-20
-9.10502e-21
0
0
-3.74124e-20
0
0
0
0
-1.90506e-20
0
-1.88938e-20
0
0
0
0
3.5531e-20
1.8447e-20
2.68103e-20
0
-9.87187e-21
1.81685e-20
1.81014e-20
0
0
0
-3.41779e-20
0
-5.97557e-20
0
0
5.11161e-20
-9.49552e-21
3.33477e-20
0
0
0
1.5705e-20
3.28149e-20
0
0
-1.70136e-20
0
3.23335e-20
-3.99276e-20
-1.68316e-20
0
0
-1.67064e-20
-2.42465e-20
-2.26812e-20
0
1.11832e-20
1.11067e-20
-3.45985e-20
0
1.08808e-20
1.23128e-20
0
0
-1.20941e-20
4.35707e-20
0
3.26291e-20
0
-1.17409e-20
0
-3.17984e-20
0
0
-9.89549e-21
-3.0994e-20
0
0
6.08149e-20
0
-9.50602e-21
0
2.96472e-20
3.87792e-20
2.00196e-20
9.1956e-21
2.89112e-20
-2.8731e-20
0
1.94186e-20
-1.77951e-20
0
3.6633e-20
3.64041e-20
-1.88417e-20
0
-2.7173e-20
0
-1.83968e-20
-3.50696e-20
2.65167e-20
2.63559e-20
-2.61965e-20
0
4.36382e-20
0
3.35939e-20
0
2.52674e-20
-1.72468e-20
1.71474e-20
1.70488e-20
2.46734e-20
0
0
0
0
0
0
1.47829e-20
-3.08894e-20
0
0
0
-1.58401e-20
2.28756e-20
-2.27454e-20
0
4.34703e-20
-1.54098e-20
2.91455e-20
-1.52428e-20
0
-2.86511e-20
-1.50643e-21
-4.17397e-20
2.81695e-20
0
6.88856e-20
0
-2.7547e-20
0
-6.73568e-20
-2.70945e-20
0
1.41531e-20
0
2.651e-20
0
2.62256e-20
-6.44602e-20
-2.59464e-20
-1.36577e-20
0
-2.55373e-20
0
2.52708e-20
1.18165e-20
-1.3258e-20
1.1687e-20
0
-3.61864e-20
-1.14973e-20
1.14354e-20
5.98831e-20
-3.54462e-20
1.1253e-20
0
0
-3.47347e-20
0
-5.78182e-20
3.42196e-20
0
0
-3.37203e-20
-2.28738e-20
-1.50674e-21
-6.64729e-20
-6.61571e-20
0
0
-3.26152e-20
0
1.02693e-20
-4.2387e-20
0
0
-1.00756e-20
4.16213e-20
0
3.13156e-20
0
-4.08911e-20
-3.09122e-20
0
-9.71488e-21
0
0
-3.02729e-20
-3.96976e-20
-2.05215e-20
-2.04417e-20
-2.0363e-20
2.02854e-20
2.02089e-20
3.876e-20
9.27608e-21
0
-2.91174e-20
0
0
2.88029e-20
0
0
0
0
-1.93771e-20
0
0
0
0
1.90781e-20
-3.65362e-20
0
-1.89125e-20
-3.62119e-20
0
0
0
3.58128e-20
-3.57191e-20
0
0
-3.54527e-20
2.67847e-20
0
-1.24668e-20
3.8651e-20
0
0
-1.36362e-20
0
-1.34719e-20
0
2.51141e-20
2.49543e-20
-1.16448e-20
0
0
-1.14107e-20
-2.41741e-20
3.52796e-20
0
-3.48281e-20
2.35721e-20
-2.34247e-20
0
-2.31332e-20
-2.29893e-20
0
3.33042e-20
-3.30934e-20
0
2.22868e-20
0
0
1.16925e-20
-1.16256e-20
0
2.14805e-20
0
-3.10776e-20
3.08849e-20
0
0
0
0
2.04653e-20
0
3.89372e-20
0
0
0
0
1.96302e-20
0
0
2.81773e-20
0
-1.90628e-20
-3.6398e-20
0
0
1.86257e-20
-1.85187e-20
0
0
2.65514e-20
8.29661e-21
0
-3.42843e-20
-4.22267e-20
-1.76945e-20
0
0
7.94666e-21
1.73031e-20
3.29083e-20
-2.49154e-20
-7.75595e-21
0
7.66306e-21
0
0
0
3.14348e-20
3.12577e-20
-3.10823e-20
2.35579e-20
0
-3.05652e-20
0
0
0
2.98971e-20
2.97338e-20
-3.65883e-20
0
2.92528e-20
0
0
0
0
0
0
0
-1.32635e-20
-2.78876e-20
-4.08611e-20
1.45531e-20
0
0
-5.58629e-20
2.70403e-20
0
-2.67688e-20
2.6635e-20
-2.65026e-20
0
2.62417e-20
0
2.59861e-20
0
0
0
1.19918e-20
0
0
0
1.17543e-20
1.16965e-20
4.95709e-20
-2.46724e-20
0
0
2.43408e-20
1.13629e-20
2.41259e-20
3.52771e-20
0
1.1153e-20
5.85244e-20
3.46623e-20
0
-3.43661e-20
-3.42207e-20
-3.40772e-20
0
-1.07629e-20
0
2.1343e-20
-3.33872e-20
-3.32547e-20
0
0
0
0
-2.2249e-20
-4.28291e-20
3.23791e-20
-2.201e-20
0
0
0
-6.36187e-20
0
-2.15655e-20
3.14901e-20
0
9.92649e-21
0
0
0
0
3.08123e-20
0
0
-3.05513e-20
2.08147e-20
3.03873e-20
0
0
-3.01568e-20
0
0
-7.04497e-21
0
0
0
0
-1.51217e-20
0
0
0
0
0
-4.07186e-20
0
-1.44011e-20
0
0
-2.67791e-20
0
0
-1.23841e-20
-2.61088e-20
2.59446e-20
0
-1.35632e-20
0
0
0
-2.49867e-20
-2.48316e-20
0
1.30156e-20
0
0
0
1.12102e-20
0
0
0
1.09206e-20
-3.40554e-20
0
0
0
-1.2078e-20
2.25137e-20
0
-2.22448e-20
0
5.41977e-20
0
4.19341e-20
-3.16345e-20
-4.14225e-20
0
-9.85325e-21
-2.10886e-20
0
0
-3.033e-20
-3.96977e-20
-9.48829e-21
0
2.96184e-20
9.31263e-21
0
0
-2.89306e-20
9.08529e-21
2.85954e-20
0
0
0
-8.81187e-21
-8.75858e-21
0
0
1.7203e-20
3.57066e-20
0
-1.84034e-20
-2.67015e-20
0
0
-1.80077e-20
0
0
1.77201e-20
-2.56857e-20
-1.75326e-20
-2.5407e-20
0
3.30089e-20
-3.2829e-20
0
3.24739e-20
0
0
2.43418e-20
-3.17834e-20
3.91418e-20
3.14477e-20
0
2.22088e-20
0
-3.07951e-20
1.60712e-20
7.24287e-21
0
4.44975e-20
-3.00141e-20
0
0
2.95636e-20
-2.94165e-20
4.31528e-20
0
2.89839e-20
-2.88426e-20
-2.87028e-20
-4.20933e-20
-5.6855e-20
2.8292e-20
2.8158e-20
0
0
0
4.07009e-20
-4.05105e-20
0
2.72597e-20
3.99521e-20
5.40315e-20
0
1.26353e-20
0
0
-3.8892e-20
-5.26348e-20
3.85553e-20
-1.38013e-20
0
0
-1.36402e-20
2.56689e-20
-1.35363e-20
0
0
-3.71426e-20
1.18296e-20
2.507e-20
0
0
1.1641e-20
2.31912e-20
0
0
0
0
5.99089e-20
1.13377e-20
0
-1.12573e-20
0
0
0
2.37176e-20
-2.36451e-20
-3.46075e-20
-3.45032e-20
0
0
0
-3.4108e-20
0
-1.08055e-20
4.46114e-20
0
-1.22268e-20
3.35837e-20
0
0
1.72134e-20
1.7106e-20
3.24929e-20
-3.22817e-20
0
0
-2.412e-20
0
-2.38143e-20
-3.10489e-20
0
-1.45724e-20
3.76915e-20
7.18831e-21
1.57861e-20
7.09197e-21
2.26393e-20
0
-2.93075e-20
0
0
1.36242e-20
0
-2.83933e-20
-2.82148e-20
0
1.3178e-20
0
1.45108e-20
2.73439e-20
2.7174e-20
0
-3.95041e-20
-1.2583e-20
3.90085e-20
2.63446e-20
0
0
2.5863e-20
0
0
1.34497e-20
0
0
-2.49348e-20
-1.31454e-20
-2.46354e-20
0
-3.57584e-20
0
-2.40515e-20
0
0
0
4.5467e-20
2.33484e-20
1.08525e-20
0
0
0
1.0584e-20
0
-1.19594e-20
0
2.21552e-20
2.20281e-20
0
-1.01355e-20
0
3.15429e-20
3.13603e-20
0
-9.83118e-21
-9.77189e-21
0
0
0
-3.01259e-20
-2.99557e-20
-2.97869e-20
-2.02486e-20
-2.94539e-20
0
0
-1.98123e-20
0
0
8.99437e-21
0
2.81796e-20
-1.91866e-20
0
0
0
3.60698e-20
0
0
3.54911e-20
1.68976e-20
2.67124e-20
0
5.13636e-20
-1.80345e-20
0
0
8.12985e-21
0
0
0
0
0
0
-7.83192e-21
0
1.70078e-20
1.69277e-20
0
3.20333e-20
-1.66923e-20
-1.66155e-20
0
0
0
0
0
0
-2.33969e-20
3.05528e-20
3.04135e-20
1.58913e-20
0
0
0
0
0
0
0
-2.92305e-20
0
0
0
0
0
-4.20143e-20
0
-2.82847e-20
-7.1187e-20
-2.80637e-20
-1.47313e-20
0
0
0
0
0
2.73391e-20
2.72418e-20
6.71117e-20
-1.42796e-20
-2.69594e-20
0
0
-2.66913e-20
0
0
3.89026e-20
2.63562e-20
6.49375e-20
0
-1.23073e-20
-2.60472e-20
2.59741e-20
0
3.79958e-20
6.36588e-20
1.20956e-20
-3.76975e-20
0
-4.95132e-20
2.83181e-20
-5.62689e-20
3.67676e-20
0
-2.75923e-20
-1.72722e-20
-1.71546e-20
2.70629e-20
0
2.6717e-20
-9.85282e-21
0
3.44426e-20
0
-3.39995e-20
1.61372e-20
0
-9.46664e-21
0
-3.29224e-20
0
-2.47542e-20
0
-1.67988e-20
3.18879e-20
0
-4.64753e-20
3.12869e-20
0
0
2.34019e-20
-3.05081e-20
0
0
0
0
2.95695e-20
-2.24163e-20
-1.53555e-20
0
0
2.86685e-20
0
5.66368e-20
1.33196e-20
0
-4.09527e-20
0
-4.04487e-20
0
2.71374e-20
-2.69742e-20
0
0
-3.8986e-20
-1.24143e-20
0
5.20465e-20
1.21815e-20
3.78219e-20
0
0
0
0
0
-3.64883e-20
0
0
0
-2.42597e-20
3.54279e-20
0
-1.117e-20
0
-1.10351e-20
5.78557e-20
0
3.4018e-20
2.30512e-20
0
-2.12888e-20
1.05813e-20
0
-3.28764e-20
2.22968e-20
0
0
0
0
1.16023e-20
0
4.14259e-20
-2.13518e-20
3.11044e-20
-2.11261e-20
2.10148e-20
-6.1207e-20
0
-3.02772e-20
0
-9.48348e-21
-2.97991e-20
-9.37873e-21
3.8815e-20
0
0
3.82071e-20
2.8883e-20
0
3.76167e-20
0
0
0
0
3.66708e-20
0
-3.63056e-20
3.61257e-20
0
-1.71324e-20
8.52264e-21
0
0
0
1.82125e-20
1.81298e-20
3.45895e-20
-3.44278e-20
0
0
0
3.37989e-20
0
-7.99704e-21
0
0
-4.09388e-20
0
0
0
2.47419e-20
1.69284e-20
0
1.67939e-20
0
1.6663e-20
-1.50918e-20
0
-3.1439e-20
-3.13159e-20
0
-4.73657e-20
0
0
-1.61167e-20
0
1.60048e-20
-1.59503e-20
0
0
0
2.99742e-20
2.98739e-20
-7.06702e-21
-1.55929e-20
0
0
0
0
-1.53647e-20
0
0
-2.74629e-20
0
0
0
-1.50844e-20
0
0
-1.49787e-20
0
0
-3.11909e-20
0
0
-9.69369e-21
3.03892e-20
3.01927e-20
0
-2.98044e-20
0
0
1.99911e-20
0
0
0
0
1.93768e-20
1.92569e-20
1.91379e-20
0
-1.89029e-20
-1.87868e-20
0
-2.70829e-20
-8.4689e-21
0
-4.32909e-20
0
1.79997e-20
-1.63847e-20
0
-8.08483e-21
-1.75697e-20
-3.34224e-20
3.32135e-20
1.72562e-20
0
0
0
2.45219e-20
0
3.17976e-20
-2.4078e-20
3.14078e-20
0
-6.20487e-20
-3.0835e-20
0
-3.0461e-20
0
0
0
0
0
0
-4.45529e-20
0
4.25262e-20
0
0
2.83433e-20
0
0
-4.10165e-20
0
1.30079e-20
2.73621e-20
0
-5.25858e-20
-1.26919e-20
-1.26145e-20
0
1.24619e-20
0
0
1.22378e-20
0
0
0
-2.54023e-20
0
0
0
-2.48428e-20
0
0
-1.14648e-20
0
0
-1.27733e-20
0
0
0
0
0
0
0
-3.38005e-20
3.362e-20
1.06448e-20
0
2.25611e-20
0
6.54846e-20
0
0
0
0
-3.19058e-20
0
3.15825e-20
0
3.12656e-20
0
0
6.1604e-20
0
0
-3.03525e-20
2.06394e-20
0
0
0
3.90098e-20
0
0
2.92212e-20
-3.82799e-20
1.98046e-20
0
0
0
0
1.93758e-20
0
0
0
0
0
0
3.61268e-20
-3.5975e-20
0
0
0
-3.53869e-20
0
3.51046e-20
-1.82367e-20
0
0
1.80352e-20
0
-3.43044e-20
-3.41779e-20
-2.44097e-20
-3.39308e-20
1.76587e-20
0
0
3.34604e-20
0
-3.32371e-20
6.6257e-20
1.72646e-20
0
0
-3.27145e-20
4.03933e-20
0
0
7.70653e-21
5.68031e-20
0
-2.44294e-20
0
2.43058e-20
0
0
-2.40267e-20
0
-4.7439e-20
-3.45985e-20
-2.34171e-20
0
3.39262e-20
3.37057e-20
0
-1.05879e-20
3.30546e-20
-1.04449e-20
-1.03743e-20
0
0
0
-3.17984e-20
0
0
0
0
0
0
0
0
0
-3.92779e-20
9.38034e-21
-9.31826e-21
-3.85329e-20
0
9.13501e-21
0
-3.90737e-20
3.7331e-20
0
-3.68637e-20
3.6633e-20
-2.76796e-20
1.73354e-20
-2.73405e-20
0
0
0
3.50696e-20
-3.48535e-20
3.46392e-20
0
0
2.58817e-20
-1.76529e-20
-3.35939e-20
0
0
0
-2.49679e-20
0
0
-3.98757e-20
0
0
0
-3.14423e-20
-7.43752e-21
0
0
2.34077e-20
-2.3273e-20
-3.03504e-20
-4.45075e-20
0
2.98251e-20
0
0
-1.54098e-20
0
0
2.7308e-20
0
0
0
0
-4.12645e-20
-2.78555e-20
1.30971e-20
0
0
-1.28688e-20
2.70945e-20
0
2.67996e-20
0
0
0
-2.62256e-20
0
-3.81664e-20
0
1.35895e-20
-1.20154e-20
-1.19484e-20
0
2.51395e-20
1.50658e-21
-1.1687e-20
0
-3.61864e-20
1.14973e-20
-6.019e-20
0
0
0
0
3.49099e-20
2.36587e-20
-4.55795e-20
1.24677e-20
0
0
-3.3885e-20
3.37203e-20
0
-2.27662e-20
0
0
2.24505e-20
-4.31883e-20
-3.26152e-20
0
0
0
0
2.17533e-20
0
2.15641e-20
-3.14533e-20
-9.93623e-21
0
0
-2.11105e-20
-9.75805e-21
3.06516e-20
-9.67225e-21
0
0
9.54766e-21
0
2.9909e-20
0
2.02854e-20
-9.35094e-21
0
3.86114e-20
0
-2.91174e-20
0
9.13297e-21
3.79015e-20
9.06473e-21
0
0
-1.94403e-20
0
-1.9315e-20
-3.70009e-20
-3.68813e-20
1.91356e-20
0
-1.02646e-20
0
0
-2.75358e-20
0
1.72501e-20
0
0
1.71058e-20
0
-1.85233e-20
-2.69664e-20
-1.26393e-20
0
0
1.38878e-20
-3.83975e-20
0
1.36362e-20
-3.76489e-20
-1.19657e-20
0
0
0
-2.47957e-20
3.62046e-20
3.59705e-20
0
-2.41741e-20
0
0
0
0
0
2.32784e-20
0
-1.07415e-20
-1.06701e-20
3.33042e-20
-3.30934e-20
0
3.2677e-20
-2.21496e-20
3.22673e-20
0
1.01193e-20
-2.16122e-20
-2.14805e-20
0
6.21551e-20
9.79288e-21
0
-9.66599e-21
-2.07129e-20
0
-2.99448e-20
-2.0343e-20
2.02218e-20
-2.93991e-20
2.92202e-20
0
0
-2.86922e-20
0
0
-1.92869e-20
0
3.66193e-20
0
-3.61785e-20
1.72273e-20
3.5745e-20
0
0
0
-1.8203e-20
-1.80996e-20
0
0
-3.40826e-20
0
0
3.34879e-20
-1.73997e-20
0
0
7.80301e-21
3.25302e-20
3.23436e-20
-2.44956e-20
3.19753e-20
3.17935e-20
0
0
2.38199e-20
-1.62944e-20
7.35048e-21
0
0
3.03959e-20
1.58673e-20
0
0
0
0
2.94116e-20
-2.92528e-20
0
2.89394e-20
0
2.86318e-20
0
0
0
0
0
-2.77429e-20
2.75997e-20
-2.74578e-20
0
-4.00139e-20
0
2.69039e-20
0
-3.91992e-20
0
0
-1.23675e-20
0
0
-1.36835e-20
4.99646e-20
0
-1.19918e-20
-2.3863e-20
0
-2.51322e-20
0
3.65963e-20
0
2.46724e-20
2.45606e-20
0
-1.1417e-20
0
0
0
0
0
0
-4.72211e-20
-3.45133e-20
-2.3413e-20
-2.33161e-20
-2.32204e-20
0
-3.37957e-20
0
1.06715e-20
0
0
0
0
-2.24146e-20
2.23312e-20
-1.0371e-20
2.21681e-20
0
-1.02514e-20
0
-1.01748e-20
0
0
-3.1701e-20
0
0
-9.96006e-21
0
3.1188e-20
0
3.09962e-20
-2.11047e-20
0
-3.07233e-20
0
0
-9.6536e-21
-2.07607e-20
0
9.57467e-21
-3.01568e-20
-9.52552e-21
-2.98803e-20
2.2641e-20
-1.54997e-20
0
0
0
0
-1.3523e-20
0
0
0
1.50616e-21
-4.07186e-20
0
5.45923e-20
0
0
-1.41426e-20
0
-3.89088e-20
0
-6.4519e-20
-3.81638e-20
-1.21378e-20
0
-2.54599e-20
1.34035e-20
-2.51432e-20
1.17403e-20
-2.48316e-20
-2.46777e-20
0
0
0
-4.81488e-20
0
2.37801e-20
-2.36347e-20
0
-4.6695e-20
4.64113e-20
-6.76887e-20
4.43446e-20
-1.06404e-20
0
-4.35211e-20
0
0
0
0
5.38712e-20
0
-2.15918e-20
0
-9.91589e-21
2.12128e-20
0
-2.09654e-20
-3.05117e-20
0
0
-2.04829e-20
0
1.0877e-20
-4.80695e-20
-9.25507e-21
2.91003e-20
0
2.87622e-20
-2.85954e-20
-2.84299e-20
-1.9346e-20
0
0
-3.65407e-20
0
2.74666e-20
1.7203e-20
1.86065e-20
-2.70035e-20
-1.84034e-20
-4.50046e-20
4.32498e-20
0
0
-2.61133e-20
-3.41238e-20
0
0
1.75326e-20
0
-7.92101e-21
-1.72577e-20
3.2829e-20
7.78603e-21
-7.74185e-21
0
1.6816e-20
0
-7.5692e-21
-1.65606e-20
0
1.63944e-20
7.40292e-21
0
0
0
-3.04781e-20
0
0
-3.00141e-20
0
2.26609e-20
0
0
2.23298e-20
-2.91266e-20
-5.79677e-20
-2.88426e-20
0
0
2.84275e-20
5.65841e-20
0
4.12848e-20
0
-4.08934e-20
0
-2.60025e-20
0
-6.73959e-20
0
2.70158e-20
1.42014e-20
2.67774e-20
-1.40836e-20
0
0
0
-2.62058e-20
0
0
0
0
2.56689e-20
0
-1.34854e-20
0
-1.18785e-20
0
0
0
-1.16871e-20
0
0
0
0
-2.44341e-20
-3.57697e-20
0
0
0
0
-2.39437e-20
-2.38669e-20
0
0
0
0
3.45032e-20
1.09645e-20
-3.43011e-20
0
0
0
0
0
2.3002e-20
1.07192e-20
-1.0692e-20
0
0
0
0
0
2.45878e-20
0
-1.66852e-20
0
3.14533e-20
0
3.10489e-20
1.61777e-20
0
0
0
-3.0066e-20
0
2.96837e-20
-6.99717e-21
1.39007e-20
0
2.89374e-20
0
4.21067e-20
5.67866e-20
0
-5.45694e-20
0
0
0
0
4.00078e-20
-1.42558e-20
-1.41722e-20
0
2.65078e-20
0
-2.61827e-20
1.2258e-20
0
0
-3.75696e-20
0
2.52391e-20
0
3.6649e-20
-3.64236e-20
0
0
0
0
2.40515e-20
0
0
-5.83121e-20
0
-2.33484e-20
0
0
3.36576e-20
0
0
0
-3.28656e-20
0
2.21552e-20
-1.02609e-20
0
0
-3.1727e-20
0
0
-9.89098e-21
2.11688e-20
0
0
0
9.59709e-21
-3.01259e-20
0
0
-6.86104e-20
0
2.92895e-20
0
2.89652e-20
0
3.76935e-20
0
0
0
0
0
-1.7479e-20
-3.62663e-20
0
-3.58751e-20
0
-5.399e-20
-2.6853e-20
1.83104e-20
-1.82176e-20
1.81256e-20
0
1.79442e-20
3.42031e-20
0
8.08602e-21
1.60852e-20
0
7.95707e-21
0
1.57464e-20
3.28344e-20
-1.70888e-20
-3.2509e-20
0
0
0
0
0
0
0
0
0
0
-1.61714e-20
2.33969e-20
3.05528e-20
1.59601e-20
2.30835e-20
3.01396e-20
3.71296e-20
1.56895e-20
0
-4.36627e-20
0
-4.32801e-20
0
0
0
2.88642e-20
1.36191e-20
-2.86278e-20
2.85119e-20
0
0
2.81734e-20
0
0
0
4.08622e-20
0
-2.75383e-20
-4.19105e-20
0
2.72418e-20
0
-6.68763e-20
1.27261e-20
0
2.67791e-20
0
-1.25489e-20
3.90271e-20
0
0
0
0
0
0
0
0
0
0
-1.36031e-20
-3.76975e-20
2.55714e-20
3.75118e-20
-1.93807e-20
-4.73928e-20
0
0
-3.62877e-20
-3.60505e-20
-4.43925e-20
0
0
3.51207e-20
-2.65462e-20
-3.46668e-20
0
0
-2.58762e-20
-1.76434e-20
0
0
0
0
-2.49107e-20
7.74935e-21
-1.69014e-20
0
3.18879e-20
0
0
7.44518e-21
-1.47918e-20
6.17887e-20
0
-2.17514e-20
0
0
0
0
-1.40316e-20
-2.93863e-20
4.30539e-20
-1.37591e-20
0
0
0
0
4.14651e-20
0
6.87565e-20
0
-4.04487e-20
-4.17061e-20
1.43219e-20
0
0
0
-1.24932e-20
0
3.85145e-20
0
-1.36878e-20
0
3.75949e-20
0
0
-2.5119e-20
3.67059e-20
0
3.62726e-20
1.15174e-20
-1.14467e-20
0
0
-4.64595e-20
0
-1.11023e-20
2.35766e-20
0
0
4.48552e-20
0
0
-1.06444e-20
0
0
0
-6.53838e-20
2.21749e-20
0
2.19344e-20
3.19704e-20
0
0
3.1446e-20
-2.13518e-20
-3.11044e-20
0
-3.07689e-20
0
3.04396e-20
0
0
9.48348e-21
0
-2.0264e-20
0
0
-1.84506e-20
0
0
2.87354e-20
0
-4.79097e-20
0
3.70435e-20
-2.80188e-20
3.66708e-20
0
-1.89061e-20
1.88162e-20
0
1.86392e-20
2.70746e-20
0
-5.36345e-20
-8.39462e-21
-1.82125e-20
-2.64414e-20
-1.80481e-20
3.44278e-20
0
3.41098e-20
3.39534e-20
-2.57259e-20
3.36461e-20
0
0
3.31982e-20
0
-1.72077e-20
1.56296e-20
-4.04053e-20
0
0
-1.68607e-20
0
0
0
-1.65988e-20
0
-3.1439e-20
0
0
3.84667e-20
-1.6232e-20
-1.61739e-20
-3.07262e-20
-7.27658e-21
3.05025e-20
0
-3.74806e-20
0
0
-1.57407e-20
0
-7.06702e-21
0
-1.55455e-20
0
-3.63722e-20
0
2.92221e-20
1.38145e-20
-2.90524e-20
0
0
0
0
0
2.85888e-20
0
0
0
-2.64174e-20
-3.40299e-20
-5.81687e-20
0
0
0
2.99416e-20
-2.21205e-20
-1.39105e-20
0
7.58513e-22
-2.68133e-20
-2.62983e-20
1.25303e-20
5.07588e-20
2.49765e-20
0
0
0
0
3.49827e-20
0
-1.12907e-20
-1.12761e-20
-2.7909e-20
2.71704e-20
0
0
7.87927e-21
0
-3.14329e-20
0
-2.28734e-20
0
2.87065e-20
0
0
3.98208e-20
0
2.61323e-20
7.56751e-20
0
0
2.47594e-20
0
0
0
0
0
-2.7909e-20
1.86166e-20
0
0
1.72683e-20
0
0
0
2.28734e-20
0
-2.87065e-20
0
0
2.70512e-20
0
5.22646e-20
0
0
0
0
-1.15028e-20
-2.43291e-20
1.13351e-20
-1.12907e-20
0
-1.9109e-20
-2.71704e-20
0
-1.76968e-20
-3.30268e-20
-1.53501e-20
-4.79043e-20
1.61024e-20
0
0
2.87065e-20
1.51144e-21
-2.75662e-20
-6.6872e-20
0
-1.38226e-20
2.57295e-20
1.34396e-20
0
3.63817e-20
3.60238e-20
-2.43291e-20
-3.55222e-20
0
-1.27947e-20
3.6709e-20
0
0
8.09364e-21
0
-3.221e-20
0
-4.52866e-20
-2.28734e-20
0
-1.51088e-20
0
0
0
0
0
-1.21081e-20
0
0
-4.95188e-20
0
0
-3.55222e-20
0
0
-1.9109e-20
-2.71704e-20
-1.66367e-20
0
3.30268e-20
0
0
-2.33985e-20
0
0
0
0
2.75662e-20
3.98208e-20
3.91034e-20
0
2.57295e-20
-2.38517e-20
0
-3.63817e-20
-2.4521e-20
0
0
2.40992e-20
0
0
0
0
-3.38841e-20
0
0
-1.49614e-20
0
0
0
0
-2.8118e-20
0
-2.70512e-20
1.25303e-20
5.22646e-20
-2.57295e-20
2.53655e-20
-2.50416e-20
1.16223e-20
-2.4521e-20
0
0
5.94891e-20
-3.53468e-20
-4.7018e-20
0
0
0
0
0
-3.14329e-20
-3.06945e-20
-2.28734e-20
0
-4.23041e-20
2.96294e-20
2.75662e-20
0
0
0
0
1.34396e-20
0
-4.80039e-20
0
1.29226e-20
0
-3.53899e-20
0
0
-2.71704e-20
-3.47828e-20
-2.57905e-20
-2.51475e-20
0
3.14329e-20
0
-2.28734e-20
4.32423e-20
0
-1.33033e-20
0
-3.98208e-20
-1.25303e-20
-5.07518e-20
-2.57295e-20
-2.38517e-20
0
0
0
3.57356e-20
0
1.12907e-20
0
-1.9109e-20
0
0
-3.38841e-20
1.57585e-20
0
3.14329e-20
-4.6797e-20
0
-4.32423e-20
-2.87065e-20
5.77474e-20
0
1.27696e-20
-2.65731e-20
1.23097e-20
0
0
-2.50416e-20
1.31371e-20
0
-2.43291e-20
-1.2852e-20
5.94891e-20
0
-1.9109e-20
2.71704e-20
0
-1.61873e-20
0
0
0
0
0
0
0
0
2.75662e-20
0
-1.25303e-20
1.38226e-20
0
1.34396e-20
-3.68052e-20
2.47594e-20
-2.4521e-20
-1.29226e-20
-1.13351e-20
-1.12907e-20
0
1.9109e-20
0
0
-4.19777e-20
0
0
0
0
0
0
0
2.8118e-20
-2.75662e-20
-6.6872e-20
0
1.38226e-20
2.57295e-20
-1.34396e-20
0
-4.80039e-20
2.4521e-20
-4.86583e-20
3.55222e-20
0
-3.53468e-20
0
3.57241e-20
-3.47828e-20
0
0
-1.686e-20
2.39522e-20
0
0
-1.39105e-20
1.35977e-20
0
-2.75662e-20
0
0
0
-1.21081e-20
1.34396e-20
0
-1.16223e-20
0
4.86583e-20
0
2.40992e-20
1.12761e-20
0
0
0
0
-2.51475e-20
-3.221e-20
0
7.29604e-21
0
2.93318e-20
2.87065e-20
0
2.75662e-20
-1.42817e-20
-2.65731e-20
-1.23097e-20
0
-3.72913e-20
0
-2.47594e-20
0
2.43291e-20
0
0
0
-1.9109e-20
-1.86166e-20
-1.81461e-20
0
-3.30268e-20
0
0
0
0
-1.39105e-20
0
1.48147e-20
0
-2.55391e-20
1.40428e-20
-3.84421e-20
-2.57295e-20
0
-2.50416e-20
-1.16223e-20
-3.60238e-20
-6.00648e-20
2.41871e-20
-3.53899e-20
-3.53468e-20
-8.79999e-21
1.86166e-20
-3.47828e-20
-2.57905e-20
0
0
0
-2.33985e-20
0
2.23766e-20
-2.87065e-20
0
-1.4539e-20
0
-4.06159e-20
2.61323e-20
-3.78376e-20
0
0
0
0
-4.86583e-20
-2.41871e-20
-1.12907e-20
2.40707e-20
1.76e-20
2.71704e-20
0
-3.38841e-20
-1.57585e-20
-2.4535e-20
0
0
-2.99944e-20
0
2.87065e-20
-2.8118e-20
0
0
-2.65731e-20
-5.22646e-20
6.3567e-20
-2.53655e-20
-1.17636e-20
0
-3.60238e-20
0
7.10444e-20
-2.40992e-20
1.27947e-20
-1.0309e-20
0
0
-3.38841e-20
0
0
0
2.33985e-20
2.28734e-20
0
0
0
0
0
0
-1.23097e-20
0
0
-3.68052e-20
0
0
3.57356e-20
-1.2852e-20
-1.12907e-20
0
1.89762e-20
3.53542e-20
0
3.33034e-20
3.234e-20
0
-2.32752e-20
2.96824e-20
0
0
0
-4.07124e-20
0
-1.34113e-20
0
0
-3.45736e-20
0
0
3.23227e-20
2.16081e-20
9.84004e-21
0
0
-2.9409e-20
0
1.84311e-20
3.43077e-20
1.74058e-20
-7.70792e-21
3.14162e-20
0
2.2639e-20
0
0
-1.29199e-20
2.66385e-20
0
0
0
2.41098e-20
-6.91471e-20
2.15135e-20
3.30307e-20
4.25932e-20
0
0
0
0
0
0
3.53542e-20
8.19988e-21
3.33034e-20
-4.15563e-20
-1.49539e-20
2.32752e-20
-2.2639e-20
-5.774e-20
0
0
6.58415e-20
3.81853e-20
-2.53129e-20
0
-1.12998e-20
0
0
0
2.20522e-20
4.17048e-20
0
0
9.46512e-21
0
0
-1.84311e-20
3.43077e-20
-5.07092e-20
0
0
0
-2.2639e-20
0
0
-2.7349e-20
0
0
0
2.46964e-20
0
0
0
-3.30307e-20
4.25932e-20
2.16081e-20
4.08719e-20
9.64561e-21
-2.99078e-20
-2.9409e-20
0
0
2.61078e-20
0
3.234e-20
0
0
0
2.887e-20
-1.32918e-20
-4.02689e-20
0
0
0
0
1.12998e-20
0
2.30241e-20
-6.60613e-20
0
3.16565e-20
9.84004e-21
0
0
0
0
9.96959e-21
-1.79079e-20
-2.53546e-20
0
-2.24308e-20
0
2.96824e-20
0
2.80926e-20
0
0
-1.22252e-20
0
1.31032e-20
0
0
4.45375e-20
2.25241e-20
-1.02705e-20
4.17048e-20
0
0
0
0
0
0
0
-9.45704e-21
-2.46321e-20
0
0
1.40868e-20
-1.51895e-20
-2.80926e-20
0
0
1.37348e-20
-2.53129e-20
1.50993e-21
0
0
1.07567e-20
-4.35373e-20
0
-4.17048e-20
0
0
-2.04427e-20
0
0
3.53542e-20
-3.43077e-20
0
0
1.64624e-20
3.05308e-20
0
0
-4.13843e-20
0
0
-1.37348e-20
0
1.15932e-20
-2.41098e-20
-2.35525e-20
-3.37808e-20
-2.10132e-20
0
3.16565e-20
0
9.64561e-21
3.93729e-20
0
-3.64445e-20
1.84311e-20
0
0
0
0
0
0
0
4.13843e-20
-2.7349e-20
0
2.596e-20
0
0
0
1.10211e-20
-5.68049e-20
0
0
0
-3.10319e-20
0
0
-3.87077e-20
-1.92859e-20
0
1.82409e-20
0
0
-2.44942e-20
-2.38498e-20
3.04753e-20
0
0
0
0
0
0
0
-1.33403e-20
1.30832e-20
1.2842e-20
0
0
0
0
0
-2.19568e-20
0
-3.70634e-20
-1.87523e-20
0
1.77509e-20
3.30544e-20
0
0
1.59923e-20
-3.67364e-20
0
4.15898e-20
0
0
-1.23922e-20
0
0
-2.31436e-20
-1.13303e-20
-3.48262e-20
0
0
3.3087e-20
3.26066e-20
0
0
0
-1.87523e-20
-3.49732e-20
0
0
0
3.12966e-20
0
1.56003e-20
0
0
-1.45307e-20
0
2.6295e-20
-1.36135e-20
0
0
3.55026e-20
6.96523e-20
2.33026e-20
2.29161e-20
0
0
-4.23995e-20
2.17074e-20
0
-1.72439e-20
0
0
0
2.44942e-20
-3.87435e-20
2.32338e-20
0
-1.37166e-20
-6.98197e-20
0
0
0
0
-1.33403e-20
0
2.41723e-20
8.07571e-20
0
-2.29161e-20
0
0
0
-2.17074e-20
-3.70634e-20
0
6.15803e-20
3.55018e-20
0
-2.44942e-20
1.64029e-20
0
0
0
-2.82298e-20
-1.45307e-20
-3.96047e-20
0
0
3.69988e-20
0
0
4.59309e-20
0
0
0
-2.22423e-20
0
0
2.81746e-20
5.47486e-20
0
2.5872e-20
-1.72816e-20
0
7.44686e-21
4.49583e-20
0
0
0
2.75513e-20
0
3.86872e-20
0
-3.69988e-20
0
3.55026e-20
1.11047e-20
0
0
0
3.26066e-20
0
-3.18036e-20
-1.92859e-20
-3.59962e-20
-1.67323e-20
-3.3993e-20
0
0
0
-3.04753e-20
5.23367e-20
0
0
0
-2.69066e-20
-6.49822e-20
0
1.18292e-20
-3.62268e-20
-1.13303e-20
2.37215e-20
2.33026e-20
0
0
-1.03643e-20
0
6.36073e-20
3.29804e-20
0
-1.48671e-20
-2.32016e-20
0
0
1.33539e-20
4.05695e-20
0
0
0
0
-6.10164e-20
0
1.1144e-20
0
3.37772e-20
0
4.32461e-20
0
1.16985e-20
-1.00877e-20
-2.15427e-20
9.96128e-21
0
-2.36036e-20
0
0
0
0
-2.74106e-20
-1.33539e-20
4.05695e-20
0
0
4.99829e-20
3.70619e-20
0
1.13632e-20
-1.1144e-20
0
0
0
0
0
-3.20651e-20
2.16911e-20
-3.15558e-20
0
2.13868e-20
1.50896e-21
0
0
0
0
0
4.15717e-20
0
0
-2.63148e-20
0
0
0
0
0
-4.5277e-20
-2.30225e-20
1.20987e-20
0
1.02988e-20
-1.01833e-20
-1.00877e-20
-6.31115e-20
6.28022e-20
9.93432e-21
1.72447e-20
7.64582e-21
0
0
0
0
4.15717e-20
-2.75497e-20
-1.4213e-20
0
0
0
0
0
0
-2.33948e-20
2.30225e-20
0
0
0
0
0
-3.15558e-20
-2.14398e-20
-9.93432e-21
0
7.64582e-21
0
0
0
-2.89205e-20
1.48639e-20
-6.96295e-20
0
0
0
0
3.63075e-20
0
0
0
3.37772e-20
0
0
0
1.16985e-20
-2.16911e-20
1.00131e-20
3.14011e-20
-9.93432e-21
2.51125e-20
5.65389e-20
6.24868e-20
0
-2.26212e-20
-2.89205e-20
1.48639e-20
0
-6.65337e-20
-1.39128e-20
-1.3629e-20
0
3.63075e-20
0
0
2.33948e-20
-3.37772e-20
2.26839e-20
0
0
0
0
0
3.14011e-20
0
2.51125e-20
-3.20924e-20
-3.12434e-20
0
2.26212e-20
0
2.82178e-20
0
0
1.39128e-20
1.3629e-20
0
-2.47089e-20
-4.84767e-20
0
1.09411e-20
0
0
0
3.24109e-20
0
-4.18664e-20
0
9.96128e-21
0
2.51125e-20
-3.20924e-20
-3.86769e-20
0
-5.22796e-20
-2.89205e-20
1.48639e-20
0
0
-1.39128e-20
0
-1.18502e-20
0
0
1.1144e-20
-2.33948e-20
0
6.65382e-20
0
-3.24109e-20
0
7.36452e-20
-3.15558e-20
4.13624e-20
2.13868e-20
2.51125e-20
-7.64582e-21
0
3.04324e-20
2.26212e-20
0
0
1.30197e-20
0
0
0
-1.18502e-20
3.63075e-20
0
0
3.43359e-20
-3.37772e-20
0
5.51931e-20
-2.21121e-20
3.20651e-20
2.16911e-20
-3.15558e-20
0
2.13868e-20
0
5.65389e-20
1.48671e-20
1.59709e-20
-2.96584e-20
0
2.82178e-20
2.75497e-20
0
1.2402e-20
1.51099e-21
1.33615e-20
0
0
2.38003e-20
-1.09411e-20
0
0
0
0
0
0
-2.15427e-20
0
-9.93432e-21
0
-2.86958e-20
1.31993e-20
1.28219e-20
0
0
0
0
1.11715e-20
0
2.27395e-20
3.25816e-20
0
0
4.01728e-20
0
2.93239e-20
1.96987e-20
-2.82999e-20
-1.7557e-20
1.87971e-20
-1.85527e-20
0
0
0
0
7.62912e-21
0
3.74892e-20
0
0
1.50947e-21
-2.72621e-20
2.50793e-20
0
-3.72538e-20
-2.47613e-20
-3.55654e-20
0
0
0
0
-3.21325e-20
0
0
-1.12137e-20
3.02019e-20
0
0
9.25296e-21
2.79767e-20
-2.71989e-20
0
0
4.07584e-20
0
0
0
3.6698e-20
-2.89411e-20
2.82574e-20
0
0
-1.24513e-20
0
3.72735e-20
-3.65529e-20
0
2.40125e-20
0
-1.0888e-20
0
3.33085e-20
0
-2.22881e-20
-3.1218e-20
3.0345e-20
0
-2.87083e-20
0
0
1.81774e-20
0
-2.36984e-20
-2.46028e-20
3.1533e-20
0
2.29638e-20
2.94631e-20
0
0
0
-2.72317e-20
1.41403e-20
0
0
0
1.18958e-20
2.50459e-20
0
0
0
0
2.18625e-20
4.10699e-20
-9.61625e-21
-9.35458e-21
2.88243e-20
0
-8.64025e-21
0
-3.43921e-20
-1.75643e-20
3.28862e-20
1.68541e-20
3.15497e-20
-2.35863e-20
0
0
0
0
-2.85612e-20
1.48672e-20
0
-1.46015e-20
-3.89401e-20
0
0
0
0
0
-2.25098e-20
-3.21693e-20
-3.1368e-20
0
2.04234e-20
0
0
0
0
0
0
0
-9.46759e-21
0
3.23094e-20
2.42836e-20
7.49389e-21
-3.11621e-20
0
0
-2.86958e-20
1.31993e-20
0
0
3.78564e-20
0
-2.44525e-20
-2.38529e-20
0
0
-2.22246e-20
-1.01131e-20
-3.11587e-20
0
0
-2.93239e-20
-3.7885e-20
0
0
2.74389e-20
1.85527e-20
8.41161e-21
0
0
0
-3.20252e-20
0
8.70503e-21
-3.64762e-20
4.23076e-20
0
-2.72621e-20
1.25396e-20
-5.18968e-20
-3.72538e-20
0
-1.13516e-20
0
-2.32093e-20
0
0
0
1.00225e-20
-2.12202e-20
0
0
-2.03981e-20
-2.95297e-20
-2.92748e-20
1.76454e-20
0
-1.81389e-20
-3.38181e-20
0
0
0
-3.04158e-20
-7.03763e-21
0
0
0
2.69941e-20
1.39623e-20
6.39106e-20
0
-3.65529e-20
0
2.40125e-20
0
-4.6579e-20
0
0
0
-3.26742e-20
-5.25329e-20
0
0
0
0
0
-3.48454e-20
0
0
-3.23004e-20
7.50567e-21
0
3.72659e-20
2.94631e-20
0
2.82725e-20
0
0
-1.26276e-20
0
-3.81775e-20
2.40962e-20
1.18958e-20
4.85767e-20
-1.31739e-20
-1.11159e-20
-1.07892e-20
-3.29377e-20
0
9.89019e-21
-3.0358e-20
2.95732e-20
3.79292e-20
0
-1.87906e-20
3.52096e-20
0
0
1.56876e-20
-4.75398e-20
7.50952e-21
-2.35863e-20
0
0
-1.54481e-20
-1.52316e-20
0
0
4.11337e-20
0
1.24772e-20
-1.21105e-20
-3.67866e-20
0
-2.37119e-20
-1.07939e-20
-3.30099e-20
0
-3.1368e-20
0
-2.04234e-20
0
0
-1.91198e-20
0
-1.83699e-20
4.432e-20
-3.39167e-20
0
0
0
-7.58984e-21
-1.65024e-20
3.11621e-20
4.55803e-20
0
1.35936e-20
-4.11067e-20
-1.28219e-20
0
0
0
-2.44525e-20
-1.11715e-20
0
0
-6.51633e-20
0
3.11587e-20
-6.10148e-20
0
-2.00533e-20
0
-8.92905e-21
1.90701e-20
-8.64178e-21
3.71054e-20
0
-1.8154e-20
0
)
;

boundaryField
{
    inlet
    {
        type            calculated;
        value           uniform 0;
    }
    outlet
    {
        type            calculated;
        value           uniform 0;
    }
    upperWall
    {
        type            calculated;
        value           uniform 0;
    }
    lowerWall
    {
        type            calculated;
        value           uniform 0;
    }
    frontAndBack
    {
        type            empty;
    }
}


// ************************************************************************* //
